BPR
1 1 1 / 
1 1 2 / 
1 1 3 / 
1 1 4 / 
1 1 5 / 
1 2 1 / 
1 2 2 / 
1 2 3 / 
1 2 4 / 
1 2 5 / 
1 3 1 / 
1 3 2 / 
1 3 3 / 
1 3 4 / 
1 3 5 / 
1 4 1 / 
1 4 2 / 
1 4 3 / 
1 4 4 / 
1 4 5 / 
1 5 1 / 
1 5 2 / 
1 5 3 / 
1 5 4 / 
1 5 5 / 
1 6 1 / 
1 6 2 / 
1 6 3 / 
1 6 4 / 
1 6 5 / 
1 7 1 / 
1 7 2 / 
1 7 3 / 
1 7 4 / 
1 7 5 / 
1 8 1 / 
1 8 2 / 
1 8 3 / 
1 8 4 / 
1 8 5 / 
1 9 1 / 
1 9 2 / 
1 9 3 / 
1 9 4 / 
1 9 5 / 
1 10 1 / 
1 10 2 / 
1 10 3 / 
1 10 4 / 
1 10 5 / 
1 11 1 / 
1 11 2 / 
1 11 3 / 
1 11 4 / 
1 11 5 / 
1 12 1 / 
1 12 2 / 
1 12 3 / 
1 12 4 / 
1 12 5 / 
1 13 1 / 
1 13 2 / 
1 13 3 / 
1 13 4 / 
1 13 5 / 
1 14 1 / 
1 14 2 / 
1 14 3 / 
1 14 4 / 
1 14 5 / 
1 15 1 / 
1 15 2 / 
1 15 3 / 
1 15 4 / 
1 15 5 / 
1 16 1 / 
1 16 2 / 
1 16 3 / 
1 16 4 / 
1 16 5 / 
1 17 1 / 
1 17 2 / 
1 17 3 / 
1 17 4 / 
1 17 5 / 
1 18 1 / 
1 18 2 / 
1 18 3 / 
1 18 4 / 
1 18 5 / 
1 19 1 / 
1 19 2 / 
1 19 3 / 
1 19 4 / 
1 19 5 / 
1 20 1 / 
1 20 2 / 
1 20 3 / 
1 20 4 / 
1 20 5 / 
1 21 1 / 
1 21 2 / 
1 21 3 / 
1 21 4 / 
1 21 5 / 
1 22 1 / 
1 22 2 / 
1 22 3 / 
1 22 4 / 
1 22 5 / 
1 23 1 / 
1 23 2 / 
1 23 3 / 
1 23 4 / 
1 23 5 / 
1 24 1 / 
1 24 2 / 
1 24 3 / 
1 24 4 / 
1 24 5 / 
1 25 1 / 
1 25 2 / 
1 25 3 / 
1 25 4 / 
1 25 5 / 
1 26 1 / 
1 26 2 / 
1 26 3 / 
1 26 4 / 
1 26 5 / 
1 27 1 / 
1 27 2 / 
1 27 3 / 
1 27 4 / 
1 27 5 / 
1 28 1 / 
1 28 2 / 
1 28 3 / 
1 28 4 / 
1 28 5 / 
1 29 1 / 
1 29 2 / 
1 29 3 / 
1 29 4 / 
1 29 5 / 
1 30 1 / 
1 30 2 / 
1 30 3 / 
1 30 4 / 
1 30 5 / 
1 31 1 / 
1 31 2 / 
1 31 3 / 
1 31 4 / 
1 31 5 / 
1 32 1 / 
1 32 2 / 
1 32 3 / 
1 32 4 / 
1 32 5 / 
1 33 1 / 
1 33 2 / 
1 33 3 / 
1 33 4 / 
1 33 5 / 
1 34 1 / 
1 34 2 / 
1 34 3 / 
1 34 4 / 
1 34 5 / 
1 35 1 / 
1 35 2 / 
1 35 3 / 
1 35 4 / 
1 35 5 / 
1 36 1 / 
1 36 2 / 
1 36 3 / 
1 36 4 / 
1 36 5 / 
1 37 1 / 
1 37 2 / 
1 37 3 / 
1 37 4 / 
1 37 5 / 
1 38 1 / 
1 38 2 / 
1 38 3 / 
1 38 4 / 
1 38 5 / 
1 39 1 / 
1 39 2 / 
1 39 3 / 
1 39 4 / 
1 39 5 / 
1 40 1 / 
1 40 2 / 
1 40 3 / 
1 40 4 / 
1 40 5 / 
1 41 1 / 
1 41 2 / 
1 41 3 / 
1 41 4 / 
1 41 5 / 
1 42 1 / 
1 42 2 / 
1 42 3 / 
1 42 4 / 
1 42 5 / 
1 43 1 / 
1 43 2 / 
1 43 3 / 
1 43 4 / 
1 43 5 / 
1 44 1 / 
1 44 2 / 
1 44 3 / 
1 44 4 / 
1 44 5 / 
1 45 1 / 
1 45 2 / 
1 45 3 / 
1 45 4 / 
1 45 5 / 
1 46 1 / 
1 46 2 / 
1 46 3 / 
1 46 4 / 
1 46 5 / 
1 47 1 / 
1 47 2 / 
1 47 3 / 
1 47 4 / 
1 47 5 / 
1 48 1 / 
1 48 2 / 
1 48 3 / 
1 48 4 / 
1 48 5 / 
1 49 1 / 
1 49 2 / 
1 49 3 / 
1 49 4 / 
1 49 5 / 
1 50 1 / 
1 50 2 / 
1 50 3 / 
1 50 4 / 
1 50 5 / 
1 51 1 / 
1 51 2 / 
1 51 3 / 
1 51 4 / 
1 51 5 / 
1 52 1 / 
1 52 2 / 
1 52 3 / 
1 52 4 / 
1 52 5 / 
1 53 1 / 
1 53 2 / 
1 53 3 / 
1 53 4 / 
1 53 5 / 
1 54 1 / 
1 54 2 / 
1 54 3 / 
1 54 4 / 
1 54 5 / 
1 55 1 / 
1 55 2 / 
1 55 3 / 
1 55 4 / 
1 55 5 / 
2 1 1 / 
2 1 2 / 
2 1 3 / 
2 1 4 / 
2 1 5 / 
2 2 1 / 
2 2 2 / 
2 2 3 / 
2 2 4 / 
2 2 5 / 
2 3 1 / 
2 3 2 / 
2 3 3 / 
2 3 4 / 
2 3 5 / 
2 4 1 / 
2 4 2 / 
2 4 3 / 
2 4 4 / 
2 4 5 / 
2 5 1 / 
2 5 2 / 
2 5 3 / 
2 5 4 / 
2 5 5 / 
2 6 1 / 
2 6 2 / 
2 6 3 / 
2 6 4 / 
2 6 5 / 
2 7 1 / 
2 7 2 / 
2 7 3 / 
2 7 4 / 
2 7 5 / 
2 8 1 / 
2 8 2 / 
2 8 3 / 
2 8 4 / 
2 8 5 / 
2 9 1 / 
2 9 2 / 
2 9 3 / 
2 9 4 / 
2 9 5 / 
2 10 1 / 
2 10 2 / 
2 10 3 / 
2 10 4 / 
2 10 5 / 
2 11 1 / 
2 11 2 / 
2 11 3 / 
2 11 4 / 
2 11 5 / 
2 12 1 / 
2 12 2 / 
2 12 3 / 
2 12 4 / 
2 12 5 / 
2 13 1 / 
2 13 2 / 
2 13 3 / 
2 13 4 / 
2 13 5 / 
2 14 1 / 
2 14 2 / 
2 14 3 / 
2 14 4 / 
2 14 5 / 
2 15 1 / 
2 15 2 / 
2 15 3 / 
2 15 4 / 
2 15 5 / 
2 16 1 / 
2 16 2 / 
2 16 3 / 
2 16 4 / 
2 16 5 / 
2 17 1 / 
2 17 2 / 
2 17 3 / 
2 17 4 / 
2 17 5 / 
2 18 1 / 
2 18 2 / 
2 18 3 / 
2 18 4 / 
2 18 5 / 
2 19 1 / 
2 19 2 / 
2 19 3 / 
2 19 4 / 
2 19 5 / 
2 20 1 / 
2 20 2 / 
2 20 3 / 
2 20 4 / 
2 20 5 / 
2 21 1 / 
2 21 2 / 
2 21 3 / 
2 21 4 / 
2 21 5 / 
2 22 1 / 
2 22 2 / 
2 22 3 / 
2 22 4 / 
2 22 5 / 
2 23 1 / 
2 23 2 / 
2 23 3 / 
2 23 4 / 
2 23 5 / 
2 24 1 / 
2 24 2 / 
2 24 3 / 
2 24 4 / 
2 24 5 / 
2 25 1 / 
2 25 2 / 
2 25 3 / 
2 25 4 / 
2 25 5 / 
2 26 1 / 
2 26 2 / 
2 26 3 / 
2 26 4 / 
2 26 5 / 
2 27 1 / 
2 27 2 / 
2 27 3 / 
2 27 4 / 
2 27 5 / 
2 28 1 / 
2 28 2 / 
2 28 3 / 
2 28 4 / 
2 28 5 / 
2 29 1 / 
2 29 2 / 
2 29 3 / 
2 29 4 / 
2 29 5 / 
2 30 1 / 
2 30 2 / 
2 30 3 / 
2 30 4 / 
2 30 5 / 
2 31 1 / 
2 31 2 / 
2 31 3 / 
2 31 4 / 
2 31 5 / 
2 32 1 / 
2 32 2 / 
2 32 3 / 
2 32 4 / 
2 32 5 / 
2 33 1 / 
2 33 2 / 
2 33 3 / 
2 33 4 / 
2 33 5 / 
2 34 1 / 
2 34 2 / 
2 34 3 / 
2 34 4 / 
2 34 5 / 
2 35 1 / 
2 35 2 / 
2 35 3 / 
2 35 4 / 
2 35 5 / 
2 36 1 / 
2 36 2 / 
2 36 3 / 
2 36 4 / 
2 36 5 / 
2 37 1 / 
2 37 2 / 
2 37 3 / 
2 37 4 / 
2 37 5 / 
2 38 1 / 
2 38 2 / 
2 38 3 / 
2 38 4 / 
2 38 5 / 
2 39 1 / 
2 39 2 / 
2 39 3 / 
2 39 4 / 
2 39 5 / 
2 40 1 / 
2 40 2 / 
2 40 3 / 
2 40 4 / 
2 40 5 / 
2 41 1 / 
2 41 2 / 
2 41 3 / 
2 41 4 / 
2 41 5 / 
2 42 1 / 
2 42 2 / 
2 42 3 / 
2 42 4 / 
2 42 5 / 
2 43 1 / 
2 43 2 / 
2 43 3 / 
2 43 4 / 
2 43 5 / 
2 44 1 / 
2 44 2 / 
2 44 3 / 
2 44 4 / 
2 44 5 / 
2 45 1 / 
2 45 2 / 
2 45 3 / 
2 45 4 / 
2 45 5 / 
2 46 1 / 
2 46 2 / 
2 46 3 / 
2 46 4 / 
2 46 5 / 
2 47 1 / 
2 47 2 / 
2 47 3 / 
2 47 4 / 
2 47 5 / 
2 48 1 / 
2 48 2 / 
2 48 3 / 
2 48 4 / 
2 48 5 / 
2 49 1 / 
2 49 2 / 
2 49 3 / 
2 49 4 / 
2 49 5 / 
2 50 1 / 
2 50 2 / 
2 50 3 / 
2 50 4 / 
2 50 5 / 
2 51 1 / 
2 51 2 / 
2 51 3 / 
2 51 4 / 
2 51 5 / 
2 52 1 / 
2 52 2 / 
2 52 3 / 
2 52 4 / 
2 52 5 / 
2 53 1 / 
2 53 2 / 
2 53 3 / 
2 53 4 / 
2 53 5 / 
2 54 1 / 
2 54 2 / 
2 54 3 / 
2 54 4 / 
2 54 5 / 
2 55 1 / 
2 55 2 / 
2 55 3 / 
2 55 4 / 
2 55 5 / 
3 1 1 / 
3 1 2 / 
3 1 3 / 
3 1 4 / 
3 1 5 / 
3 2 1 / 
3 2 2 / 
3 2 3 / 
3 2 4 / 
3 2 5 / 
3 3 1 / 
3 3 2 / 
3 3 3 / 
3 3 4 / 
3 3 5 / 
3 4 1 / 
3 4 2 / 
3 4 3 / 
3 4 4 / 
3 4 5 / 
3 5 1 / 
3 5 2 / 
3 5 3 / 
3 5 4 / 
3 5 5 / 
3 6 1 / 
3 6 2 / 
3 6 3 / 
3 6 4 / 
3 6 5 / 
3 7 1 / 
3 7 2 / 
3 7 3 / 
3 7 4 / 
3 7 5 / 
3 8 1 / 
3 8 2 / 
3 8 3 / 
3 8 4 / 
3 8 5 / 
3 9 1 / 
3 9 2 / 
3 9 3 / 
3 9 4 / 
3 9 5 / 
3 10 1 / 
3 10 2 / 
3 10 3 / 
3 10 4 / 
3 10 5 / 
3 11 1 / 
3 11 2 / 
3 11 3 / 
3 11 4 / 
3 11 5 / 
3 12 1 / 
3 12 2 / 
3 12 3 / 
3 12 4 / 
3 12 5 / 
3 13 1 / 
3 13 2 / 
3 13 3 / 
3 13 4 / 
3 13 5 / 
3 14 1 / 
3 14 2 / 
3 14 3 / 
3 14 4 / 
3 14 5 / 
3 15 1 / 
3 15 2 / 
3 15 3 / 
3 15 4 / 
3 15 5 / 
3 16 1 / 
3 16 2 / 
3 16 3 / 
3 16 4 / 
3 16 5 / 
3 17 1 / 
3 17 2 / 
3 17 3 / 
3 17 4 / 
3 17 5 / 
3 18 1 / 
3 18 2 / 
3 18 3 / 
3 18 4 / 
3 18 5 / 
3 19 1 / 
3 19 2 / 
3 19 3 / 
3 19 4 / 
3 19 5 / 
3 20 1 / 
3 20 2 / 
3 20 3 / 
3 20 4 / 
3 20 5 / 
3 21 1 / 
3 21 2 / 
3 21 3 / 
3 21 4 / 
3 21 5 / 
3 22 1 / 
3 22 2 / 
3 22 3 / 
3 22 4 / 
3 22 5 / 
3 23 1 / 
3 23 2 / 
3 23 3 / 
3 23 4 / 
3 23 5 / 
3 24 1 / 
3 24 2 / 
3 24 3 / 
3 24 4 / 
3 24 5 / 
3 25 1 / 
3 25 2 / 
3 25 3 / 
3 25 4 / 
3 25 5 / 
3 26 1 / 
3 26 2 / 
3 26 3 / 
3 26 4 / 
3 26 5 / 
3 27 1 / 
3 27 2 / 
3 27 3 / 
3 27 4 / 
3 27 5 / 
3 28 1 / 
3 28 2 / 
3 28 3 / 
3 28 4 / 
3 28 5 / 
3 29 1 / 
3 29 2 / 
3 29 3 / 
3 29 4 / 
3 29 5 / 
3 30 1 / 
3 30 2 / 
3 30 3 / 
3 30 4 / 
3 30 5 / 
3 31 1 / 
3 31 2 / 
3 31 3 / 
3 31 4 / 
3 31 5 / 
3 32 1 / 
3 32 2 / 
3 32 3 / 
3 32 4 / 
3 32 5 / 
3 33 1 / 
3 33 2 / 
3 33 3 / 
3 33 4 / 
3 33 5 / 
3 34 1 / 
3 34 2 / 
3 34 3 / 
3 34 4 / 
3 34 5 / 
3 35 1 / 
3 35 2 / 
3 35 3 / 
3 35 4 / 
3 35 5 / 
3 36 1 / 
3 36 2 / 
3 36 3 / 
3 36 4 / 
3 36 5 / 
3 37 1 / 
3 37 2 / 
3 37 3 / 
3 37 4 / 
3 37 5 / 
3 38 1 / 
3 38 2 / 
3 38 3 / 
3 38 4 / 
3 38 5 / 
3 39 1 / 
3 39 2 / 
3 39 3 / 
3 39 4 / 
3 39 5 / 
3 40 1 / 
3 40 2 / 
3 40 3 / 
3 40 4 / 
3 40 5 / 
3 41 1 / 
3 41 2 / 
3 41 3 / 
3 41 4 / 
3 41 5 / 
3 42 1 / 
3 42 2 / 
3 42 3 / 
3 42 4 / 
3 42 5 / 
3 43 1 / 
3 43 2 / 
3 43 3 / 
3 43 4 / 
3 43 5 / 
3 44 1 / 
3 44 2 / 
3 44 3 / 
3 44 4 / 
3 44 5 / 
3 45 1 / 
3 45 2 / 
3 45 3 / 
3 45 4 / 
3 45 5 / 
3 46 1 / 
3 46 2 / 
3 46 3 / 
3 46 4 / 
3 46 5 / 
3 47 1 / 
3 47 2 / 
3 47 3 / 
3 47 4 / 
3 47 5 / 
3 48 1 / 
3 48 2 / 
3 48 3 / 
3 48 4 / 
3 48 5 / 
3 49 1 / 
3 49 2 / 
3 49 3 / 
3 49 4 / 
3 49 5 / 
3 50 1 / 
3 50 2 / 
3 50 3 / 
3 50 4 / 
3 50 5 / 
3 51 1 / 
3 51 2 / 
3 51 3 / 
3 51 4 / 
3 51 5 / 
3 52 1 / 
3 52 2 / 
3 52 3 / 
3 52 4 / 
3 52 5 / 
3 53 1 / 
3 53 2 / 
3 53 3 / 
3 53 4 / 
3 53 5 / 
3 54 1 / 
3 54 2 / 
3 54 3 / 
3 54 4 / 
3 54 5 / 
3 55 1 / 
3 55 2 / 
3 55 3 / 
3 55 4 / 
3 55 5 / 
4 1 1 / 
4 1 2 / 
4 1 3 / 
4 1 4 / 
4 1 5 / 
4 2 1 / 
4 2 2 / 
4 2 3 / 
4 2 4 / 
4 2 5 / 
4 3 1 / 
4 3 2 / 
4 3 3 / 
4 3 4 / 
4 3 5 / 
4 4 1 / 
4 4 2 / 
4 4 3 / 
4 4 4 / 
4 4 5 / 
4 5 1 / 
4 5 2 / 
4 5 3 / 
4 5 4 / 
4 5 5 / 
4 6 1 / 
4 6 2 / 
4 6 3 / 
4 6 4 / 
4 6 5 / 
4 7 1 / 
4 7 2 / 
4 7 3 / 
4 7 4 / 
4 7 5 / 
4 8 1 / 
4 8 2 / 
4 8 3 / 
4 8 4 / 
4 8 5 / 
4 9 1 / 
4 9 2 / 
4 9 3 / 
4 9 4 / 
4 9 5 / 
4 10 1 / 
4 10 2 / 
4 10 3 / 
4 10 4 / 
4 10 5 / 
4 11 1 / 
4 11 2 / 
4 11 3 / 
4 11 4 / 
4 11 5 / 
4 12 1 / 
4 12 2 / 
4 12 3 / 
4 12 4 / 
4 12 5 / 
4 13 1 / 
4 13 2 / 
4 13 3 / 
4 13 4 / 
4 13 5 / 
4 14 1 / 
4 14 2 / 
4 14 3 / 
4 14 4 / 
4 14 5 / 
4 15 1 / 
4 15 2 / 
4 15 3 / 
4 15 4 / 
4 15 5 / 
4 16 1 / 
4 16 2 / 
4 16 3 / 
4 16 4 / 
4 16 5 / 
4 17 1 / 
4 17 2 / 
4 17 3 / 
4 17 4 / 
4 17 5 / 
4 18 1 / 
4 18 2 / 
4 18 3 / 
4 18 4 / 
4 18 5 / 
4 19 1 / 
4 19 2 / 
4 19 3 / 
4 19 4 / 
4 19 5 / 
4 20 1 / 
4 20 2 / 
4 20 3 / 
4 20 4 / 
4 20 5 / 
4 21 1 / 
4 21 2 / 
4 21 3 / 
4 21 4 / 
4 21 5 / 
4 22 1 / 
4 22 2 / 
4 22 3 / 
4 22 4 / 
4 22 5 / 
4 23 1 / 
4 23 2 / 
4 23 3 / 
4 23 4 / 
4 23 5 / 
4 24 1 / 
4 24 2 / 
4 24 3 / 
4 24 4 / 
4 24 5 / 
4 25 1 / 
4 25 2 / 
4 25 3 / 
4 25 4 / 
4 25 5 / 
4 26 1 / 
4 26 2 / 
4 26 3 / 
4 26 4 / 
4 26 5 / 
4 27 1 / 
4 27 2 / 
4 27 3 / 
4 27 4 / 
4 27 5 / 
4 28 1 / 
4 28 2 / 
4 28 3 / 
4 28 4 / 
4 28 5 / 
4 29 1 / 
4 29 2 / 
4 29 3 / 
4 29 4 / 
4 29 5 / 
4 30 1 / 
4 30 2 / 
4 30 3 / 
4 30 4 / 
4 30 5 / 
4 31 1 / 
4 31 2 / 
4 31 3 / 
4 31 4 / 
4 31 5 / 
4 32 1 / 
4 32 2 / 
4 32 3 / 
4 32 4 / 
4 32 5 / 
4 33 1 / 
4 33 2 / 
4 33 3 / 
4 33 4 / 
4 33 5 / 
4 34 1 / 
4 34 2 / 
4 34 3 / 
4 34 4 / 
4 34 5 / 
4 35 1 / 
4 35 2 / 
4 35 3 / 
4 35 4 / 
4 35 5 / 
4 36 1 / 
4 36 2 / 
4 36 3 / 
4 36 4 / 
4 36 5 / 
4 37 1 / 
4 37 2 / 
4 37 3 / 
4 37 4 / 
4 37 5 / 
4 38 1 / 
4 38 2 / 
4 38 3 / 
4 38 4 / 
4 38 5 / 
4 39 1 / 
4 39 2 / 
4 39 3 / 
4 39 4 / 
4 39 5 / 
4 40 1 / 
4 40 2 / 
4 40 3 / 
4 40 4 / 
4 40 5 / 
4 41 1 / 
4 41 2 / 
4 41 3 / 
4 41 4 / 
4 41 5 / 
4 42 1 / 
4 42 2 / 
4 42 3 / 
4 42 4 / 
4 42 5 / 
4 43 1 / 
4 43 2 / 
4 43 3 / 
4 43 4 / 
4 43 5 / 
4 44 1 / 
4 44 2 / 
4 44 3 / 
4 44 4 / 
4 44 5 / 
4 45 1 / 
4 45 2 / 
4 45 3 / 
4 45 4 / 
4 45 5 / 
4 46 1 / 
4 46 2 / 
4 46 3 / 
4 46 4 / 
4 46 5 / 
4 47 1 / 
4 47 2 / 
4 47 3 / 
4 47 4 / 
4 47 5 / 
4 48 1 / 
4 48 2 / 
4 48 3 / 
4 48 4 / 
4 48 5 / 
4 49 1 / 
4 49 2 / 
4 49 3 / 
4 49 4 / 
4 49 5 / 
4 50 1 / 
4 50 2 / 
4 50 3 / 
4 50 4 / 
4 50 5 / 
4 51 1 / 
4 51 2 / 
4 51 3 / 
4 51 4 / 
4 51 5 / 
4 52 1 / 
4 52 2 / 
4 52 3 / 
4 52 4 / 
4 52 5 / 
4 53 1 / 
4 53 2 / 
4 53 3 / 
4 53 4 / 
4 53 5 / 
4 54 1 / 
4 54 2 / 
4 54 3 / 
4 54 4 / 
4 54 5 / 
4 55 1 / 
4 55 2 / 
4 55 3 / 
4 55 4 / 
4 55 5 / 
5 1 1 / 
5 1 2 / 
5 1 3 / 
5 1 4 / 
5 1 5 / 
5 2 1 / 
5 2 2 / 
5 2 3 / 
5 2 4 / 
5 2 5 / 
5 3 1 / 
5 3 2 / 
5 3 3 / 
5 3 4 / 
5 3 5 / 
5 4 1 / 
5 4 2 / 
5 4 3 / 
5 4 4 / 
5 4 5 / 
5 5 1 / 
5 5 2 / 
5 5 3 / 
5 5 4 / 
5 5 5 / 
5 6 1 / 
5 6 2 / 
5 6 3 / 
5 6 4 / 
5 6 5 / 
5 7 1 / 
5 7 2 / 
5 7 3 / 
5 7 4 / 
5 7 5 / 
5 8 1 / 
5 8 2 / 
5 8 3 / 
5 8 4 / 
5 8 5 / 
5 9 1 / 
5 9 2 / 
5 9 3 / 
5 9 4 / 
5 9 5 / 
5 10 1 / 
5 10 2 / 
5 10 3 / 
5 10 4 / 
5 10 5 / 
5 11 1 / 
5 11 2 / 
5 11 3 / 
5 11 4 / 
5 11 5 / 
5 12 1 / 
5 12 2 / 
5 12 3 / 
5 12 4 / 
5 12 5 / 
5 13 1 / 
5 13 2 / 
5 13 3 / 
5 13 4 / 
5 13 5 / 
5 14 1 / 
5 14 2 / 
5 14 3 / 
5 14 4 / 
5 14 5 / 
5 15 1 / 
5 15 2 / 
5 15 3 / 
5 15 4 / 
5 15 5 / 
5 16 1 / 
5 16 2 / 
5 16 3 / 
5 16 4 / 
5 16 5 / 
5 17 1 / 
5 17 2 / 
5 17 3 / 
5 17 4 / 
5 17 5 / 
5 18 1 / 
5 18 2 / 
5 18 3 / 
5 18 4 / 
5 18 5 / 
5 19 1 / 
5 19 2 / 
5 19 3 / 
5 19 4 / 
5 19 5 / 
5 20 1 / 
5 20 2 / 
5 20 3 / 
5 20 4 / 
5 20 5 / 
5 21 1 / 
5 21 2 / 
5 21 3 / 
5 21 4 / 
5 21 5 / 
5 22 1 / 
5 22 2 / 
5 22 3 / 
5 22 4 / 
5 22 5 / 
5 23 1 / 
5 23 2 / 
5 23 3 / 
5 23 4 / 
5 23 5 / 
5 24 1 / 
5 24 2 / 
5 24 3 / 
5 24 4 / 
5 24 5 / 
5 25 1 / 
5 25 2 / 
5 25 3 / 
5 25 4 / 
5 25 5 / 
5 26 1 / 
5 26 2 / 
5 26 3 / 
5 26 4 / 
5 26 5 / 
5 27 1 / 
5 27 2 / 
5 27 3 / 
5 27 4 / 
5 27 5 / 
5 28 1 / 
5 28 2 / 
5 28 3 / 
5 28 4 / 
5 28 5 / 
5 29 1 / 
5 29 2 / 
5 29 3 / 
5 29 4 / 
5 29 5 / 
5 30 1 / 
5 30 2 / 
5 30 3 / 
5 30 4 / 
5 30 5 / 
5 31 1 / 
5 31 2 / 
5 31 3 / 
5 31 4 / 
5 31 5 / 
5 32 1 / 
5 32 2 / 
5 32 3 / 
5 32 4 / 
5 32 5 / 
5 33 1 / 
5 33 2 / 
5 33 3 / 
5 33 4 / 
5 33 5 / 
5 34 1 / 
5 34 2 / 
5 34 3 / 
5 34 4 / 
5 34 5 / 
5 35 1 / 
5 35 2 / 
5 35 3 / 
5 35 4 / 
5 35 5 / 
5 36 1 / 
5 36 2 / 
5 36 3 / 
5 36 4 / 
5 36 5 / 
5 37 1 / 
5 37 2 / 
5 37 3 / 
5 37 4 / 
5 37 5 / 
5 38 1 / 
5 38 2 / 
5 38 3 / 
5 38 4 / 
5 38 5 / 
5 39 1 / 
5 39 2 / 
5 39 3 / 
5 39 4 / 
5 39 5 / 
5 40 1 / 
5 40 2 / 
5 40 3 / 
5 40 4 / 
5 40 5 / 
5 41 1 / 
5 41 2 / 
5 41 3 / 
5 41 4 / 
5 41 5 / 
5 42 1 / 
5 42 2 / 
5 42 3 / 
5 42 4 / 
5 42 5 / 
5 43 1 / 
5 43 2 / 
5 43 3 / 
5 43 4 / 
5 43 5 / 
5 44 1 / 
5 44 2 / 
5 44 3 / 
5 44 4 / 
5 44 5 / 
5 45 1 / 
5 45 2 / 
5 45 3 / 
5 45 4 / 
5 45 5 / 
5 46 1 / 
5 46 2 / 
5 46 3 / 
5 46 4 / 
5 46 5 / 
5 47 1 / 
5 47 2 / 
5 47 3 / 
5 47 4 / 
5 47 5 / 
5 48 1 / 
5 48 2 / 
5 48 3 / 
5 48 4 / 
5 48 5 / 
5 49 1 / 
5 49 2 / 
5 49 3 / 
5 49 4 / 
5 49 5 / 
5 50 1 / 
5 50 2 / 
5 50 3 / 
5 50 4 / 
5 50 5 / 
5 51 1 / 
5 51 2 / 
5 51 3 / 
5 51 4 / 
5 51 5 / 
5 52 1 / 
5 52 2 / 
5 52 3 / 
5 52 4 / 
5 52 5 / 
5 53 1 / 
5 53 2 / 
5 53 3 / 
5 53 4 / 
5 53 5 / 
5 54 1 / 
5 54 2 / 
5 54 3 / 
5 54 4 / 
5 54 5 / 
5 55 1 / 
5 55 2 / 
5 55 3 / 
5 55 4 / 
5 55 5 / 
6 1 1 / 
6 1 2 / 
6 1 3 / 
6 1 4 / 
6 1 5 / 
6 2 1 / 
6 2 2 / 
6 2 3 / 
6 2 4 / 
6 2 5 / 
6 3 1 / 
6 3 2 / 
6 3 3 / 
6 3 4 / 
6 3 5 / 
6 4 1 / 
6 4 2 / 
6 4 3 / 
6 4 4 / 
6 4 5 / 
6 5 1 / 
6 5 2 / 
6 5 3 / 
6 5 4 / 
6 5 5 / 
6 6 1 / 
6 6 2 / 
6 6 3 / 
6 6 4 / 
6 6 5 / 
6 7 1 / 
6 7 2 / 
6 7 3 / 
6 7 4 / 
6 7 5 / 
6 8 1 / 
6 8 2 / 
6 8 3 / 
6 8 4 / 
6 8 5 / 
6 9 1 / 
6 9 2 / 
6 9 3 / 
6 9 4 / 
6 9 5 / 
6 10 1 / 
6 10 2 / 
6 10 3 / 
6 10 4 / 
6 10 5 / 
6 11 1 / 
6 11 2 / 
6 11 3 / 
6 11 4 / 
6 11 5 / 
6 12 1 / 
6 12 2 / 
6 12 3 / 
6 12 4 / 
6 12 5 / 
6 13 1 / 
6 13 2 / 
6 13 3 / 
6 13 4 / 
6 13 5 / 
6 14 1 / 
6 14 2 / 
6 14 3 / 
6 14 4 / 
6 14 5 / 
6 15 1 / 
6 15 2 / 
6 15 3 / 
6 15 4 / 
6 15 5 / 
6 16 1 / 
6 16 2 / 
6 16 3 / 
6 16 4 / 
6 16 5 / 
6 17 1 / 
6 17 2 / 
6 17 3 / 
6 17 4 / 
6 17 5 / 
6 18 1 / 
6 18 2 / 
6 18 3 / 
6 18 4 / 
6 18 5 / 
6 19 1 / 
6 19 2 / 
6 19 3 / 
6 19 4 / 
6 19 5 / 
6 20 1 / 
6 20 2 / 
6 20 3 / 
6 20 4 / 
6 20 5 / 
6 21 1 / 
6 21 2 / 
6 21 3 / 
6 21 4 / 
6 21 5 / 
6 22 1 / 
6 22 2 / 
6 22 3 / 
6 22 4 / 
6 22 5 / 
6 23 1 / 
6 23 2 / 
6 23 3 / 
6 23 4 / 
6 23 5 / 
6 24 1 / 
6 24 2 / 
6 24 3 / 
6 24 4 / 
6 24 5 / 
6 25 1 / 
6 25 2 / 
6 25 3 / 
6 25 4 / 
6 25 5 / 
6 26 1 / 
6 26 2 / 
6 26 3 / 
6 26 4 / 
6 26 5 / 
6 27 1 / 
6 27 2 / 
6 27 3 / 
6 27 4 / 
6 27 5 / 
6 28 1 / 
6 28 2 / 
6 28 3 / 
6 28 4 / 
6 28 5 / 
6 29 1 / 
6 29 2 / 
6 29 3 / 
6 29 4 / 
6 29 5 / 
6 30 1 / 
6 30 2 / 
6 30 3 / 
6 30 4 / 
6 30 5 / 
6 31 1 / 
6 31 2 / 
6 31 3 / 
6 31 4 / 
6 31 5 / 
6 32 1 / 
6 32 2 / 
6 32 3 / 
6 32 4 / 
6 32 5 / 
6 33 1 / 
6 33 2 / 
6 33 3 / 
6 33 4 / 
6 33 5 / 
6 34 1 / 
6 34 2 / 
6 34 3 / 
6 34 4 / 
6 34 5 / 
6 35 1 / 
6 35 2 / 
6 35 3 / 
6 35 4 / 
6 35 5 / 
6 36 1 / 
6 36 2 / 
6 36 3 / 
6 36 4 / 
6 36 5 / 
6 37 1 / 
6 37 2 / 
6 37 3 / 
6 37 4 / 
6 37 5 / 
6 38 1 / 
6 38 2 / 
6 38 3 / 
6 38 4 / 
6 38 5 / 
6 39 1 / 
6 39 2 / 
6 39 3 / 
6 39 4 / 
6 39 5 / 
6 40 1 / 
6 40 2 / 
6 40 3 / 
6 40 4 / 
6 40 5 / 
6 41 1 / 
6 41 2 / 
6 41 3 / 
6 41 4 / 
6 41 5 / 
6 42 1 / 
6 42 2 / 
6 42 3 / 
6 42 4 / 
6 42 5 / 
6 43 1 / 
6 43 2 / 
6 43 3 / 
6 43 4 / 
6 43 5 / 
6 44 1 / 
6 44 2 / 
6 44 3 / 
6 44 4 / 
6 44 5 / 
6 45 1 / 
6 45 2 / 
6 45 3 / 
6 45 4 / 
6 45 5 / 
6 46 1 / 
6 46 2 / 
6 46 3 / 
6 46 4 / 
6 46 5 / 
6 47 1 / 
6 47 2 / 
6 47 3 / 
6 47 4 / 
6 47 5 / 
6 48 1 / 
6 48 2 / 
6 48 3 / 
6 48 4 / 
6 48 5 / 
6 49 1 / 
6 49 2 / 
6 49 3 / 
6 49 4 / 
6 49 5 / 
6 50 1 / 
6 50 2 / 
6 50 3 / 
6 50 4 / 
6 50 5 / 
6 51 1 / 
6 51 2 / 
6 51 3 / 
6 51 4 / 
6 51 5 / 
6 52 1 / 
6 52 2 / 
6 52 3 / 
6 52 4 / 
6 52 5 / 
6 53 1 / 
6 53 2 / 
6 53 3 / 
6 53 4 / 
6 53 5 / 
6 54 1 / 
6 54 2 / 
6 54 3 / 
6 54 4 / 
6 54 5 / 
6 55 1 / 
6 55 2 / 
6 55 3 / 
6 55 4 / 
6 55 5 / 
7 1 1 / 
7 1 2 / 
7 1 3 / 
7 1 4 / 
7 1 5 / 
7 2 1 / 
7 2 2 / 
7 2 3 / 
7 2 4 / 
7 2 5 / 
7 3 1 / 
7 3 2 / 
7 3 3 / 
7 3 4 / 
7 3 5 / 
7 4 1 / 
7 4 2 / 
7 4 3 / 
7 4 4 / 
7 4 5 / 
7 5 1 / 
7 5 2 / 
7 5 3 / 
7 5 4 / 
7 5 5 / 
7 6 1 / 
7 6 2 / 
7 6 3 / 
7 6 4 / 
7 6 5 / 
7 7 1 / 
7 7 2 / 
7 7 3 / 
7 7 4 / 
7 7 5 / 
7 8 1 / 
7 8 2 / 
7 8 3 / 
7 8 4 / 
7 8 5 / 
7 9 1 / 
7 9 2 / 
7 9 3 / 
7 9 4 / 
7 9 5 / 
7 10 1 / 
7 10 2 / 
7 10 3 / 
7 10 4 / 
7 10 5 / 
7 11 1 / 
7 11 2 / 
7 11 3 / 
7 11 4 / 
7 11 5 / 
7 12 1 / 
7 12 2 / 
7 12 3 / 
7 12 4 / 
7 12 5 / 
7 13 1 / 
7 13 2 / 
7 13 3 / 
7 13 4 / 
7 13 5 / 
7 14 1 / 
7 14 2 / 
7 14 3 / 
7 14 4 / 
7 14 5 / 
7 15 1 / 
7 15 2 / 
7 15 3 / 
7 15 4 / 
7 15 5 / 
7 16 1 / 
7 16 2 / 
7 16 3 / 
7 16 4 / 
7 16 5 / 
7 17 1 / 
7 17 2 / 
7 17 3 / 
7 17 4 / 
7 17 5 / 
7 18 1 / 
7 18 2 / 
7 18 3 / 
7 18 4 / 
7 18 5 / 
7 19 1 / 
7 19 2 / 
7 19 3 / 
7 19 4 / 
7 19 5 / 
7 20 1 / 
7 20 2 / 
7 20 3 / 
7 20 4 / 
7 20 5 / 
7 21 1 / 
7 21 2 / 
7 21 3 / 
7 21 4 / 
7 21 5 / 
7 22 1 / 
7 22 2 / 
7 22 3 / 
7 22 4 / 
7 22 5 / 
7 23 1 / 
7 23 2 / 
7 23 3 / 
7 23 4 / 
7 23 5 / 
7 24 1 / 
7 24 2 / 
7 24 3 / 
7 24 4 / 
7 24 5 / 
7 25 1 / 
7 25 2 / 
7 25 3 / 
7 25 4 / 
7 25 5 / 
7 26 1 / 
7 26 2 / 
7 26 3 / 
7 26 4 / 
7 26 5 / 
7 27 1 / 
7 27 2 / 
7 27 3 / 
7 27 4 / 
7 27 5 / 
7 28 1 / 
7 28 2 / 
7 28 3 / 
7 28 4 / 
7 28 5 / 
7 29 1 / 
7 29 2 / 
7 29 3 / 
7 29 4 / 
7 29 5 / 
7 30 1 / 
7 30 2 / 
7 30 3 / 
7 30 4 / 
7 30 5 / 
7 31 1 / 
7 31 2 / 
7 31 3 / 
7 31 4 / 
7 31 5 / 
7 32 1 / 
7 32 2 / 
7 32 3 / 
7 32 4 / 
7 32 5 / 
7 33 1 / 
7 33 2 / 
7 33 3 / 
7 33 4 / 
7 33 5 / 
7 34 1 / 
7 34 2 / 
7 34 3 / 
7 34 4 / 
7 34 5 / 
7 35 1 / 
7 35 2 / 
7 35 3 / 
7 35 4 / 
7 35 5 / 
7 36 1 / 
7 36 2 / 
7 36 3 / 
7 36 4 / 
7 36 5 / 
7 37 1 / 
7 37 2 / 
7 37 3 / 
7 37 4 / 
7 37 5 / 
7 38 1 / 
7 38 2 / 
7 38 3 / 
7 38 4 / 
7 38 5 / 
7 39 1 / 
7 39 2 / 
7 39 3 / 
7 39 4 / 
7 39 5 / 
7 40 1 / 
7 40 2 / 
7 40 3 / 
7 40 4 / 
7 40 5 / 
7 41 1 / 
7 41 2 / 
7 41 3 / 
7 41 4 / 
7 41 5 / 
7 42 1 / 
7 42 2 / 
7 42 3 / 
7 42 4 / 
7 42 5 / 
7 43 1 / 
7 43 2 / 
7 43 3 / 
7 43 4 / 
7 43 5 / 
7 44 1 / 
7 44 2 / 
7 44 3 / 
7 44 4 / 
7 44 5 / 
7 45 1 / 
7 45 2 / 
7 45 3 / 
7 45 4 / 
7 45 5 / 
7 46 1 / 
7 46 2 / 
7 46 3 / 
7 46 4 / 
7 46 5 / 
7 47 1 / 
7 47 2 / 
7 47 3 / 
7 47 4 / 
7 47 5 / 
7 48 1 / 
7 48 2 / 
7 48 3 / 
7 48 4 / 
7 48 5 / 
7 49 1 / 
7 49 2 / 
7 49 3 / 
7 49 4 / 
7 49 5 / 
7 50 1 / 
7 50 2 / 
7 50 3 / 
7 50 4 / 
7 50 5 / 
7 51 1 / 
7 51 2 / 
7 51 3 / 
7 51 4 / 
7 51 5 / 
7 52 1 / 
7 52 2 / 
7 52 3 / 
7 52 4 / 
7 52 5 / 
7 53 1 / 
7 53 2 / 
7 53 3 / 
7 53 4 / 
7 53 5 / 
7 54 1 / 
7 54 2 / 
7 54 3 / 
7 54 4 / 
7 54 5 / 
7 55 1 / 
7 55 2 / 
7 55 3 / 
7 55 4 / 
7 55 5 / 
8 1 1 / 
8 1 2 / 
8 1 3 / 
8 1 4 / 
8 1 5 / 
8 2 1 / 
8 2 2 / 
8 2 3 / 
8 2 4 / 
8 2 5 / 
8 3 1 / 
8 3 2 / 
8 3 3 / 
8 3 4 / 
8 3 5 / 
8 4 1 / 
8 4 2 / 
8 4 3 / 
8 4 4 / 
8 4 5 / 
8 5 1 / 
8 5 2 / 
8 5 3 / 
8 5 4 / 
8 5 5 / 
8 6 1 / 
8 6 2 / 
8 6 3 / 
8 6 4 / 
8 6 5 / 
8 7 1 / 
8 7 2 / 
8 7 3 / 
8 7 4 / 
8 7 5 / 
8 8 1 / 
8 8 2 / 
8 8 3 / 
8 8 4 / 
8 8 5 / 
8 9 1 / 
8 9 2 / 
8 9 3 / 
8 9 4 / 
8 9 5 / 
8 10 1 / 
8 10 2 / 
8 10 3 / 
8 10 4 / 
8 10 5 / 
8 11 1 / 
8 11 2 / 
8 11 3 / 
8 11 4 / 
8 11 5 / 
8 12 1 / 
8 12 2 / 
8 12 3 / 
8 12 4 / 
8 12 5 / 
8 13 1 / 
8 13 2 / 
8 13 3 / 
8 13 4 / 
8 13 5 / 
8 14 1 / 
8 14 2 / 
8 14 3 / 
8 14 4 / 
8 14 5 / 
8 15 1 / 
8 15 2 / 
8 15 3 / 
8 15 4 / 
8 15 5 / 
8 16 1 / 
8 16 2 / 
8 16 3 / 
8 16 4 / 
8 16 5 / 
8 17 1 / 
8 17 2 / 
8 17 3 / 
8 17 4 / 
8 17 5 / 
8 18 1 / 
8 18 2 / 
8 18 3 / 
8 18 4 / 
8 18 5 / 
8 19 1 / 
8 19 2 / 
8 19 3 / 
8 19 4 / 
8 19 5 / 
8 20 1 / 
8 20 2 / 
8 20 3 / 
8 20 4 / 
8 20 5 / 
8 21 1 / 
8 21 2 / 
8 21 3 / 
8 21 4 / 
8 21 5 / 
8 22 1 / 
8 22 2 / 
8 22 3 / 
8 22 4 / 
8 22 5 / 
8 23 1 / 
8 23 2 / 
8 23 3 / 
8 23 4 / 
8 23 5 / 
8 24 1 / 
8 24 2 / 
8 24 3 / 
8 24 4 / 
8 24 5 / 
8 25 1 / 
8 25 2 / 
8 25 3 / 
8 25 4 / 
8 25 5 / 
8 26 1 / 
8 26 2 / 
8 26 3 / 
8 26 4 / 
8 26 5 / 
8 27 1 / 
8 27 2 / 
8 27 3 / 
8 27 4 / 
8 27 5 / 
8 28 1 / 
8 28 2 / 
8 28 3 / 
8 28 4 / 
8 28 5 / 
8 29 1 / 
8 29 2 / 
8 29 3 / 
8 29 4 / 
8 29 5 / 
8 30 1 / 
8 30 2 / 
8 30 3 / 
8 30 4 / 
8 30 5 / 
8 31 1 / 
8 31 2 / 
8 31 3 / 
8 31 4 / 
8 31 5 / 
8 32 1 / 
8 32 2 / 
8 32 3 / 
8 32 4 / 
8 32 5 / 
8 33 1 / 
8 33 2 / 
8 33 3 / 
8 33 4 / 
8 33 5 / 
8 34 1 / 
8 34 2 / 
8 34 3 / 
8 34 4 / 
8 34 5 / 
8 35 1 / 
8 35 2 / 
8 35 3 / 
8 35 4 / 
8 35 5 / 
8 36 1 / 
8 36 2 / 
8 36 3 / 
8 36 4 / 
8 36 5 / 
8 37 1 / 
8 37 2 / 
8 37 3 / 
8 37 4 / 
8 37 5 / 
8 38 1 / 
8 38 2 / 
8 38 3 / 
8 38 4 / 
8 38 5 / 
8 39 1 / 
8 39 2 / 
8 39 3 / 
8 39 4 / 
8 39 5 / 
8 40 1 / 
8 40 2 / 
8 40 3 / 
8 40 4 / 
8 40 5 / 
8 41 1 / 
8 41 2 / 
8 41 3 / 
8 41 4 / 
8 41 5 / 
8 42 1 / 
8 42 2 / 
8 42 3 / 
8 42 4 / 
8 42 5 / 
8 43 1 / 
8 43 2 / 
8 43 3 / 
8 43 4 / 
8 43 5 / 
8 44 1 / 
8 44 2 / 
8 44 3 / 
8 44 4 / 
8 44 5 / 
8 45 1 / 
8 45 2 / 
8 45 3 / 
8 45 4 / 
8 45 5 / 
8 46 1 / 
8 46 2 / 
8 46 3 / 
8 46 4 / 
8 46 5 / 
8 47 1 / 
8 47 2 / 
8 47 3 / 
8 47 4 / 
8 47 5 / 
8 48 1 / 
8 48 2 / 
8 48 3 / 
8 48 4 / 
8 48 5 / 
8 49 1 / 
8 49 2 / 
8 49 3 / 
8 49 4 / 
8 49 5 / 
8 50 1 / 
8 50 2 / 
8 50 3 / 
8 50 4 / 
8 50 5 / 
8 51 1 / 
8 51 2 / 
8 51 3 / 
8 51 4 / 
8 51 5 / 
8 52 1 / 
8 52 2 / 
8 52 3 / 
8 52 4 / 
8 52 5 / 
8 53 1 / 
8 53 2 / 
8 53 3 / 
8 53 4 / 
8 53 5 / 
8 54 1 / 
8 54 2 / 
8 54 3 / 
8 54 4 / 
8 54 5 / 
8 55 1 / 
8 55 2 / 
8 55 3 / 
8 55 4 / 
8 55 5 / 
9 1 1 / 
9 1 2 / 
9 1 3 / 
9 1 4 / 
9 1 5 / 
9 2 1 / 
9 2 2 / 
9 2 3 / 
9 2 4 / 
9 2 5 / 
9 3 1 / 
9 3 2 / 
9 3 3 / 
9 3 4 / 
9 3 5 / 
9 4 1 / 
9 4 2 / 
9 4 3 / 
9 4 4 / 
9 4 5 / 
9 5 1 / 
9 5 2 / 
9 5 3 / 
9 5 4 / 
9 5 5 / 
9 6 1 / 
9 6 2 / 
9 6 3 / 
9 6 4 / 
9 6 5 / 
9 7 1 / 
9 7 2 / 
9 7 3 / 
9 7 4 / 
9 7 5 / 
9 8 1 / 
9 8 2 / 
9 8 3 / 
9 8 4 / 
9 8 5 / 
9 9 1 / 
9 9 2 / 
9 9 3 / 
9 9 4 / 
9 9 5 / 
9 10 1 / 
9 10 2 / 
9 10 3 / 
9 10 4 / 
9 10 5 / 
9 11 1 / 
9 11 2 / 
9 11 3 / 
9 11 4 / 
9 11 5 / 
9 12 1 / 
9 12 2 / 
9 12 3 / 
9 12 4 / 
9 12 5 / 
9 13 1 / 
9 13 2 / 
9 13 3 / 
9 13 4 / 
9 13 5 / 
9 14 1 / 
9 14 2 / 
9 14 3 / 
9 14 4 / 
9 14 5 / 
9 15 1 / 
9 15 2 / 
9 15 3 / 
9 15 4 / 
9 15 5 / 
9 16 1 / 
9 16 2 / 
9 16 3 / 
9 16 4 / 
9 16 5 / 
9 17 1 / 
9 17 2 / 
9 17 3 / 
9 17 4 / 
9 17 5 / 
9 18 1 / 
9 18 2 / 
9 18 3 / 
9 18 4 / 
9 18 5 / 
9 19 1 / 
9 19 2 / 
9 19 3 / 
9 19 4 / 
9 19 5 / 
9 20 1 / 
9 20 2 / 
9 20 3 / 
9 20 4 / 
9 20 5 / 
9 21 1 / 
9 21 2 / 
9 21 3 / 
9 21 4 / 
9 21 5 / 
9 22 1 / 
9 22 2 / 
9 22 3 / 
9 22 4 / 
9 22 5 / 
9 23 1 / 
9 23 2 / 
9 23 3 / 
9 23 4 / 
9 23 5 / 
9 24 1 / 
9 24 2 / 
9 24 3 / 
9 24 4 / 
9 24 5 / 
9 25 1 / 
9 25 2 / 
9 25 3 / 
9 25 4 / 
9 25 5 / 
9 26 1 / 
9 26 2 / 
9 26 3 / 
9 26 4 / 
9 26 5 / 
9 27 1 / 
9 27 2 / 
9 27 3 / 
9 27 4 / 
9 27 5 / 
9 28 1 / 
9 28 2 / 
9 28 3 / 
9 28 4 / 
9 28 5 / 
9 29 1 / 
9 29 2 / 
9 29 3 / 
9 29 4 / 
9 29 5 / 
9 30 1 / 
9 30 2 / 
9 30 3 / 
9 30 4 / 
9 30 5 / 
9 31 1 / 
9 31 2 / 
9 31 3 / 
9 31 4 / 
9 31 5 / 
9 32 1 / 
9 32 2 / 
9 32 3 / 
9 32 4 / 
9 32 5 / 
9 33 1 / 
9 33 2 / 
9 33 3 / 
9 33 4 / 
9 33 5 / 
9 34 1 / 
9 34 2 / 
9 34 3 / 
9 34 4 / 
9 34 5 / 
9 35 1 / 
9 35 2 / 
9 35 3 / 
9 35 4 / 
9 35 5 / 
9 36 1 / 
9 36 2 / 
9 36 3 / 
9 36 4 / 
9 36 5 / 
9 37 1 / 
9 37 2 / 
9 37 3 / 
9 37 4 / 
9 37 5 / 
9 38 1 / 
9 38 2 / 
9 38 3 / 
9 38 4 / 
9 38 5 / 
9 39 1 / 
9 39 2 / 
9 39 3 / 
9 39 4 / 
9 39 5 / 
9 40 1 / 
9 40 2 / 
9 40 3 / 
9 40 4 / 
9 40 5 / 
9 41 1 / 
9 41 2 / 
9 41 3 / 
9 41 4 / 
9 41 5 / 
9 42 1 / 
9 42 2 / 
9 42 3 / 
9 42 4 / 
9 42 5 / 
9 43 1 / 
9 43 2 / 
9 43 3 / 
9 43 4 / 
9 43 5 / 
9 44 1 / 
9 44 2 / 
9 44 3 / 
9 44 4 / 
9 44 5 / 
9 45 1 / 
9 45 2 / 
9 45 3 / 
9 45 4 / 
9 45 5 / 
9 46 1 / 
9 46 2 / 
9 46 3 / 
9 46 4 / 
9 46 5 / 
9 47 1 / 
9 47 2 / 
9 47 3 / 
9 47 4 / 
9 47 5 / 
9 48 1 / 
9 48 2 / 
9 48 3 / 
9 48 4 / 
9 48 5 / 
9 49 1 / 
9 49 2 / 
9 49 3 / 
9 49 4 / 
9 49 5 / 
9 50 1 / 
9 50 2 / 
9 50 3 / 
9 50 4 / 
9 50 5 / 
9 51 1 / 
9 51 2 / 
9 51 3 / 
9 51 4 / 
9 51 5 / 
9 52 1 / 
9 52 2 / 
9 52 3 / 
9 52 4 / 
9 52 5 / 
9 53 1 / 
9 53 2 / 
9 53 3 / 
9 53 4 / 
9 53 5 / 
9 54 1 / 
9 54 2 / 
9 54 3 / 
9 54 4 / 
9 54 5 / 
9 55 1 / 
9 55 2 / 
9 55 3 / 
9 55 4 / 
9 55 5 / 
10 1 1 / 
10 1 2 / 
10 1 3 / 
10 1 4 / 
10 1 5 / 
10 2 1 / 
10 2 2 / 
10 2 3 / 
10 2 4 / 
10 2 5 / 
10 3 1 / 
10 3 2 / 
10 3 3 / 
10 3 4 / 
10 3 5 / 
10 4 1 / 
10 4 2 / 
10 4 3 / 
10 4 4 / 
10 4 5 / 
10 5 1 / 
10 5 2 / 
10 5 3 / 
10 5 4 / 
10 5 5 / 
10 6 1 / 
10 6 2 / 
10 6 3 / 
10 6 4 / 
10 6 5 / 
10 7 1 / 
10 7 2 / 
10 7 3 / 
10 7 4 / 
10 7 5 / 
10 8 1 / 
10 8 2 / 
10 8 3 / 
10 8 4 / 
10 8 5 / 
10 9 1 / 
10 9 2 / 
10 9 3 / 
10 9 4 / 
10 9 5 / 
10 10 1 / 
10 10 2 / 
10 10 3 / 
10 10 4 / 
10 10 5 / 
10 11 1 / 
10 11 2 / 
10 11 3 / 
10 11 4 / 
10 11 5 / 
10 12 1 / 
10 12 2 / 
10 12 3 / 
10 12 4 / 
10 12 5 / 
10 13 1 / 
10 13 2 / 
10 13 3 / 
10 13 4 / 
10 13 5 / 
10 14 1 / 
10 14 2 / 
10 14 3 / 
10 14 4 / 
10 14 5 / 
10 15 1 / 
10 15 2 / 
10 15 3 / 
10 15 4 / 
10 15 5 / 
10 16 1 / 
10 16 2 / 
10 16 3 / 
10 16 4 / 
10 16 5 / 
10 17 1 / 
10 17 2 / 
10 17 3 / 
10 17 4 / 
10 17 5 / 
10 18 1 / 
10 18 2 / 
10 18 3 / 
10 18 4 / 
10 18 5 / 
10 19 1 / 
10 19 2 / 
10 19 3 / 
10 19 4 / 
10 19 5 / 
10 20 1 / 
10 20 2 / 
10 20 3 / 
10 20 4 / 
10 20 5 / 
10 21 1 / 
10 21 2 / 
10 21 3 / 
10 21 4 / 
10 21 5 / 
10 22 1 / 
10 22 2 / 
10 22 3 / 
10 22 4 / 
10 22 5 / 
10 23 1 / 
10 23 2 / 
10 23 3 / 
10 23 4 / 
10 23 5 / 
10 24 1 / 
10 24 2 / 
10 24 3 / 
10 24 4 / 
10 24 5 / 
10 25 1 / 
10 25 2 / 
10 25 3 / 
10 25 4 / 
10 25 5 / 
10 26 1 / 
10 26 2 / 
10 26 3 / 
10 26 4 / 
10 26 5 / 
10 27 1 / 
10 27 2 / 
10 27 3 / 
10 27 4 / 
10 27 5 / 
10 28 1 / 
10 28 2 / 
10 28 3 / 
10 28 4 / 
10 28 5 / 
10 29 1 / 
10 29 2 / 
10 29 3 / 
10 29 4 / 
10 29 5 / 
10 30 1 / 
10 30 2 / 
10 30 3 / 
10 30 4 / 
10 30 5 / 
10 31 1 / 
10 31 2 / 
10 31 3 / 
10 31 4 / 
10 31 5 / 
10 32 1 / 
10 32 2 / 
10 32 3 / 
10 32 4 / 
10 32 5 / 
10 33 1 / 
10 33 2 / 
10 33 3 / 
10 33 4 / 
10 33 5 / 
10 34 1 / 
10 34 2 / 
10 34 3 / 
10 34 4 / 
10 34 5 / 
10 35 1 / 
10 35 2 / 
10 35 3 / 
10 35 4 / 
10 35 5 / 
10 36 1 / 
10 36 2 / 
10 36 3 / 
10 36 4 / 
10 36 5 / 
10 37 1 / 
10 37 2 / 
10 37 3 / 
10 37 4 / 
10 37 5 / 
10 38 1 / 
10 38 2 / 
10 38 3 / 
10 38 4 / 
10 38 5 / 
10 39 1 / 
10 39 2 / 
10 39 3 / 
10 39 4 / 
10 39 5 / 
10 40 1 / 
10 40 2 / 
10 40 3 / 
10 40 4 / 
10 40 5 / 
10 41 1 / 
10 41 2 / 
10 41 3 / 
10 41 4 / 
10 41 5 / 
10 42 1 / 
10 42 2 / 
10 42 3 / 
10 42 4 / 
10 42 5 / 
10 43 1 / 
10 43 2 / 
10 43 3 / 
10 43 4 / 
10 43 5 / 
10 44 1 / 
10 44 2 / 
10 44 3 / 
10 44 4 / 
10 44 5 / 
10 45 1 / 
10 45 2 / 
10 45 3 / 
10 45 4 / 
10 45 5 / 
10 46 1 / 
10 46 2 / 
10 46 3 / 
10 46 4 / 
10 46 5 / 
10 47 1 / 
10 47 2 / 
10 47 3 / 
10 47 4 / 
10 47 5 / 
10 48 1 / 
10 48 2 / 
10 48 3 / 
10 48 4 / 
10 48 5 / 
10 49 1 / 
10 49 2 / 
10 49 3 / 
10 49 4 / 
10 49 5 / 
10 50 1 / 
10 50 2 / 
10 50 3 / 
10 50 4 / 
10 50 5 / 
10 51 1 / 
10 51 2 / 
10 51 3 / 
10 51 4 / 
10 51 5 / 
10 52 1 / 
10 52 2 / 
10 52 3 / 
10 52 4 / 
10 52 5 / 
10 53 1 / 
10 53 2 / 
10 53 3 / 
10 53 4 / 
10 53 5 / 
10 54 1 / 
10 54 2 / 
10 54 3 / 
10 54 4 / 
10 54 5 / 
10 55 1 / 
10 55 2 / 
10 55 3 / 
10 55 4 / 
10 55 5 / 
11 1 1 / 
11 1 2 / 
11 1 3 / 
11 1 4 / 
11 1 5 / 
11 2 1 / 
11 2 2 / 
11 2 3 / 
11 2 4 / 
11 2 5 / 
11 3 1 / 
11 3 2 / 
11 3 3 / 
11 3 4 / 
11 3 5 / 
11 4 1 / 
11 4 2 / 
11 4 3 / 
11 4 4 / 
11 4 5 / 
11 5 1 / 
11 5 2 / 
11 5 3 / 
11 5 4 / 
11 5 5 / 
11 6 1 / 
11 6 2 / 
11 6 3 / 
11 6 4 / 
11 6 5 / 
11 7 1 / 
11 7 2 / 
11 7 3 / 
11 7 4 / 
11 7 5 / 
11 8 1 / 
11 8 2 / 
11 8 3 / 
11 8 4 / 
11 8 5 / 
11 9 1 / 
11 9 2 / 
11 9 3 / 
11 9 4 / 
11 9 5 / 
11 10 1 / 
11 10 2 / 
11 10 3 / 
11 10 4 / 
11 10 5 / 
11 11 1 / 
11 11 2 / 
11 11 3 / 
11 11 4 / 
11 11 5 / 
11 12 1 / 
11 12 2 / 
11 12 3 / 
11 12 4 / 
11 12 5 / 
11 13 1 / 
11 13 2 / 
11 13 3 / 
11 13 4 / 
11 13 5 / 
11 14 1 / 
11 14 2 / 
11 14 3 / 
11 14 4 / 
11 14 5 / 
11 15 1 / 
11 15 2 / 
11 15 3 / 
11 15 4 / 
11 15 5 / 
11 16 1 / 
11 16 2 / 
11 16 3 / 
11 16 4 / 
11 16 5 / 
11 17 1 / 
11 17 2 / 
11 17 3 / 
11 17 4 / 
11 17 5 / 
11 18 1 / 
11 18 2 / 
11 18 3 / 
11 18 4 / 
11 18 5 / 
11 19 1 / 
11 19 2 / 
11 19 3 / 
11 19 4 / 
11 19 5 / 
11 20 1 / 
11 20 2 / 
11 20 3 / 
11 20 4 / 
11 20 5 / 
11 21 1 / 
11 21 2 / 
11 21 3 / 
11 21 4 / 
11 21 5 / 
11 22 1 / 
11 22 2 / 
11 22 3 / 
11 22 4 / 
11 22 5 / 
11 23 1 / 
11 23 2 / 
11 23 3 / 
11 23 4 / 
11 23 5 / 
11 24 1 / 
11 24 2 / 
11 24 3 / 
11 24 4 / 
11 24 5 / 
11 25 1 / 
11 25 2 / 
11 25 3 / 
11 25 4 / 
11 25 5 / 
11 26 1 / 
11 26 2 / 
11 26 3 / 
11 26 4 / 
11 26 5 / 
11 27 1 / 
11 27 2 / 
11 27 3 / 
11 27 4 / 
11 27 5 / 
11 28 1 / 
11 28 2 / 
11 28 3 / 
11 28 4 / 
11 28 5 / 
11 29 1 / 
11 29 2 / 
11 29 3 / 
11 29 4 / 
11 29 5 / 
11 30 1 / 
11 30 2 / 
11 30 3 / 
11 30 4 / 
11 30 5 / 
11 31 1 / 
11 31 2 / 
11 31 3 / 
11 31 4 / 
11 31 5 / 
11 32 1 / 
11 32 2 / 
11 32 3 / 
11 32 4 / 
11 32 5 / 
11 33 1 / 
11 33 2 / 
11 33 3 / 
11 33 4 / 
11 33 5 / 
11 34 1 / 
11 34 2 / 
11 34 3 / 
11 34 4 / 
11 34 5 / 
11 35 1 / 
11 35 2 / 
11 35 3 / 
11 35 4 / 
11 35 5 / 
11 36 1 / 
11 36 2 / 
11 36 3 / 
11 36 4 / 
11 36 5 / 
11 37 1 / 
11 37 2 / 
11 37 3 / 
11 37 4 / 
11 37 5 / 
11 38 1 / 
11 38 2 / 
11 38 3 / 
11 38 4 / 
11 38 5 / 
11 39 1 / 
11 39 2 / 
11 39 3 / 
11 39 4 / 
11 39 5 / 
11 40 1 / 
11 40 2 / 
11 40 3 / 
11 40 4 / 
11 40 5 / 
11 41 1 / 
11 41 2 / 
11 41 3 / 
11 41 4 / 
11 41 5 / 
11 42 1 / 
11 42 2 / 
11 42 3 / 
11 42 4 / 
11 42 5 / 
11 43 1 / 
11 43 2 / 
11 43 3 / 
11 43 4 / 
11 43 5 / 
11 44 1 / 
11 44 2 / 
11 44 3 / 
11 44 4 / 
11 44 5 / 
11 45 1 / 
11 45 2 / 
11 45 3 / 
11 45 4 / 
11 45 5 / 
11 46 1 / 
11 46 2 / 
11 46 3 / 
11 46 4 / 
11 46 5 / 
11 47 1 / 
11 47 2 / 
11 47 3 / 
11 47 4 / 
11 47 5 / 
11 48 1 / 
11 48 2 / 
11 48 3 / 
11 48 4 / 
11 48 5 / 
11 49 1 / 
11 49 2 / 
11 49 3 / 
11 49 4 / 
11 49 5 / 
11 50 1 / 
11 50 2 / 
11 50 3 / 
11 50 4 / 
11 50 5 / 
11 51 1 / 
11 51 2 / 
11 51 3 / 
11 51 4 / 
11 51 5 / 
11 52 1 / 
11 52 2 / 
11 52 3 / 
11 52 4 / 
11 52 5 / 
11 53 1 / 
11 53 2 / 
11 53 3 / 
11 53 4 / 
11 53 5 / 
11 54 1 / 
11 54 2 / 
11 54 3 / 
11 54 4 / 
11 54 5 / 
11 55 1 / 
11 55 2 / 
11 55 3 / 
11 55 4 / 
11 55 5 / 
12 1 1 / 
12 1 2 / 
12 1 3 / 
12 1 4 / 
12 1 5 / 
12 2 1 / 
12 2 2 / 
12 2 3 / 
12 2 4 / 
12 2 5 / 
12 3 1 / 
12 3 2 / 
12 3 3 / 
12 3 4 / 
12 3 5 / 
12 4 1 / 
12 4 2 / 
12 4 3 / 
12 4 4 / 
12 4 5 / 
12 5 1 / 
12 5 2 / 
12 5 3 / 
12 5 4 / 
12 5 5 / 
12 6 1 / 
12 6 2 / 
12 6 3 / 
12 6 4 / 
12 6 5 / 
12 7 1 / 
12 7 2 / 
12 7 3 / 
12 7 4 / 
12 7 5 / 
12 8 1 / 
12 8 2 / 
12 8 3 / 
12 8 4 / 
12 8 5 / 
12 9 1 / 
12 9 2 / 
12 9 3 / 
12 9 4 / 
12 9 5 / 
12 10 1 / 
12 10 2 / 
12 10 3 / 
12 10 4 / 
12 10 5 / 
12 11 1 / 
12 11 2 / 
12 11 3 / 
12 11 4 / 
12 11 5 / 
12 12 1 / 
12 12 2 / 
12 12 3 / 
12 12 4 / 
12 12 5 / 
12 13 1 / 
12 13 2 / 
12 13 3 / 
12 13 4 / 
12 13 5 / 
12 14 1 / 
12 14 2 / 
12 14 3 / 
12 14 4 / 
12 14 5 / 
12 15 1 / 
12 15 2 / 
12 15 3 / 
12 15 4 / 
12 15 5 / 
12 16 1 / 
12 16 2 / 
12 16 3 / 
12 16 4 / 
12 16 5 / 
12 17 1 / 
12 17 2 / 
12 17 3 / 
12 17 4 / 
12 17 5 / 
12 18 1 / 
12 18 2 / 
12 18 3 / 
12 18 4 / 
12 18 5 / 
12 19 1 / 
12 19 2 / 
12 19 3 / 
12 19 4 / 
12 19 5 / 
12 20 1 / 
12 20 2 / 
12 20 3 / 
12 20 4 / 
12 20 5 / 
12 21 1 / 
12 21 2 / 
12 21 3 / 
12 21 4 / 
12 21 5 / 
12 22 1 / 
12 22 2 / 
12 22 3 / 
12 22 4 / 
12 22 5 / 
12 23 1 / 
12 23 2 / 
12 23 3 / 
12 23 4 / 
12 23 5 / 
12 24 1 / 
12 24 2 / 
12 24 3 / 
12 24 4 / 
12 24 5 / 
12 25 1 / 
12 25 2 / 
12 25 3 / 
12 25 4 / 
12 25 5 / 
12 26 1 / 
12 26 2 / 
12 26 3 / 
12 26 4 / 
12 26 5 / 
12 27 1 / 
12 27 2 / 
12 27 3 / 
12 27 4 / 
12 27 5 / 
12 28 1 / 
12 28 2 / 
12 28 3 / 
12 28 4 / 
12 28 5 / 
12 29 1 / 
12 29 2 / 
12 29 3 / 
12 29 4 / 
12 29 5 / 
12 30 1 / 
12 30 2 / 
12 30 3 / 
12 30 4 / 
12 30 5 / 
12 31 1 / 
12 31 2 / 
12 31 3 / 
12 31 4 / 
12 31 5 / 
12 32 1 / 
12 32 2 / 
12 32 3 / 
12 32 4 / 
12 32 5 / 
12 33 1 / 
12 33 2 / 
12 33 3 / 
12 33 4 / 
12 33 5 / 
12 34 1 / 
12 34 2 / 
12 34 3 / 
12 34 4 / 
12 34 5 / 
12 35 1 / 
12 35 2 / 
12 35 3 / 
12 35 4 / 
12 35 5 / 
12 36 1 / 
12 36 2 / 
12 36 3 / 
12 36 4 / 
12 36 5 / 
12 37 1 / 
12 37 2 / 
12 37 3 / 
12 37 4 / 
12 37 5 / 
12 38 1 / 
12 38 2 / 
12 38 3 / 
12 38 4 / 
12 38 5 / 
12 39 1 / 
12 39 2 / 
12 39 3 / 
12 39 4 / 
12 39 5 / 
12 40 1 / 
12 40 2 / 
12 40 3 / 
12 40 4 / 
12 40 5 / 
12 41 1 / 
12 41 2 / 
12 41 3 / 
12 41 4 / 
12 41 5 / 
12 42 1 / 
12 42 2 / 
12 42 3 / 
12 42 4 / 
12 42 5 / 
12 43 1 / 
12 43 2 / 
12 43 3 / 
12 43 4 / 
12 43 5 / 
12 44 1 / 
12 44 2 / 
12 44 3 / 
12 44 4 / 
12 44 5 / 
12 45 1 / 
12 45 2 / 
12 45 3 / 
12 45 4 / 
12 45 5 / 
12 46 1 / 
12 46 2 / 
12 46 3 / 
12 46 4 / 
12 46 5 / 
12 47 1 / 
12 47 2 / 
12 47 3 / 
12 47 4 / 
12 47 5 / 
12 48 1 / 
12 48 2 / 
12 48 3 / 
12 48 4 / 
12 48 5 / 
12 49 1 / 
12 49 2 / 
12 49 3 / 
12 49 4 / 
12 49 5 / 
12 50 1 / 
12 50 2 / 
12 50 3 / 
12 50 4 / 
12 50 5 / 
12 51 1 / 
12 51 2 / 
12 51 3 / 
12 51 4 / 
12 51 5 / 
12 52 1 / 
12 52 2 / 
12 52 3 / 
12 52 4 / 
12 52 5 / 
12 53 1 / 
12 53 2 / 
12 53 3 / 
12 53 4 / 
12 53 5 / 
12 54 1 / 
12 54 2 / 
12 54 3 / 
12 54 4 / 
12 54 5 / 
12 55 1 / 
12 55 2 / 
12 55 3 / 
12 55 4 / 
12 55 5 / 
13 1 1 / 
13 1 2 / 
13 1 3 / 
13 1 4 / 
13 1 5 / 
13 2 1 / 
13 2 2 / 
13 2 3 / 
13 2 4 / 
13 2 5 / 
13 3 1 / 
13 3 2 / 
13 3 3 / 
13 3 4 / 
13 3 5 / 
13 4 1 / 
13 4 2 / 
13 4 3 / 
13 4 4 / 
13 4 5 / 
13 5 1 / 
13 5 2 / 
13 5 3 / 
13 5 4 / 
13 5 5 / 
13 6 1 / 
13 6 2 / 
13 6 3 / 
13 6 4 / 
13 6 5 / 
13 7 1 / 
13 7 2 / 
13 7 3 / 
13 7 4 / 
13 7 5 / 
13 8 1 / 
13 8 2 / 
13 8 3 / 
13 8 4 / 
13 8 5 / 
13 9 1 / 
13 9 2 / 
13 9 3 / 
13 9 4 / 
13 9 5 / 
13 10 1 / 
13 10 2 / 
13 10 3 / 
13 10 4 / 
13 10 5 / 
13 11 1 / 
13 11 2 / 
13 11 3 / 
13 11 4 / 
13 11 5 / 
13 12 1 / 
13 12 2 / 
13 12 3 / 
13 12 4 / 
13 12 5 / 
13 13 1 / 
13 13 2 / 
13 13 3 / 
13 13 4 / 
13 13 5 / 
13 14 1 / 
13 14 2 / 
13 14 3 / 
13 14 4 / 
13 14 5 / 
13 15 1 / 
13 15 2 / 
13 15 3 / 
13 15 4 / 
13 15 5 / 
13 16 1 / 
13 16 2 / 
13 16 3 / 
13 16 4 / 
13 16 5 / 
13 17 1 / 
13 17 2 / 
13 17 3 / 
13 17 4 / 
13 17 5 / 
13 18 1 / 
13 18 2 / 
13 18 3 / 
13 18 4 / 
13 18 5 / 
13 19 1 / 
13 19 2 / 
13 19 3 / 
13 19 4 / 
13 19 5 / 
13 20 1 / 
13 20 2 / 
13 20 3 / 
13 20 4 / 
13 20 5 / 
13 21 1 / 
13 21 2 / 
13 21 3 / 
13 21 4 / 
13 21 5 / 
13 22 1 / 
13 22 2 / 
13 22 3 / 
13 22 4 / 
13 22 5 / 
13 23 1 / 
13 23 2 / 
13 23 3 / 
13 23 4 / 
13 23 5 / 
13 24 1 / 
13 24 2 / 
13 24 3 / 
13 24 4 / 
13 24 5 / 
13 25 1 / 
13 25 2 / 
13 25 3 / 
13 25 4 / 
13 25 5 / 
13 26 1 / 
13 26 2 / 
13 26 3 / 
13 26 4 / 
13 26 5 / 
13 27 1 / 
13 27 2 / 
13 27 3 / 
13 27 4 / 
13 27 5 / 
13 28 1 / 
13 28 2 / 
13 28 3 / 
13 28 4 / 
13 28 5 / 
13 29 1 / 
13 29 2 / 
13 29 3 / 
13 29 4 / 
13 29 5 / 
13 30 1 / 
13 30 2 / 
13 30 3 / 
13 30 4 / 
13 30 5 / 
13 31 1 / 
13 31 2 / 
13 31 3 / 
13 31 4 / 
13 31 5 / 
13 32 1 / 
13 32 2 / 
13 32 3 / 
13 32 4 / 
13 32 5 / 
13 33 1 / 
13 33 2 / 
13 33 3 / 
13 33 4 / 
13 33 5 / 
13 34 1 / 
13 34 2 / 
13 34 3 / 
13 34 4 / 
13 34 5 / 
13 35 1 / 
13 35 2 / 
13 35 3 / 
13 35 4 / 
13 35 5 / 
13 36 1 / 
13 36 2 / 
13 36 3 / 
13 36 4 / 
13 36 5 / 
13 37 1 / 
13 37 2 / 
13 37 3 / 
13 37 4 / 
13 37 5 / 
13 38 1 / 
13 38 2 / 
13 38 3 / 
13 38 4 / 
13 38 5 / 
13 39 1 / 
13 39 2 / 
13 39 3 / 
13 39 4 / 
13 39 5 / 
13 40 1 / 
13 40 2 / 
13 40 3 / 
13 40 4 / 
13 40 5 / 
13 41 1 / 
13 41 2 / 
13 41 3 / 
13 41 4 / 
13 41 5 / 
13 42 1 / 
13 42 2 / 
13 42 3 / 
13 42 4 / 
13 42 5 / 
13 43 1 / 
13 43 2 / 
13 43 3 / 
13 43 4 / 
13 43 5 / 
13 44 1 / 
13 44 2 / 
13 44 3 / 
13 44 4 / 
13 44 5 / 
13 45 1 / 
13 45 2 / 
13 45 3 / 
13 45 4 / 
13 45 5 / 
13 46 1 / 
13 46 2 / 
13 46 3 / 
13 46 4 / 
13 46 5 / 
13 47 1 / 
13 47 2 / 
13 47 3 / 
13 47 4 / 
13 47 5 / 
13 48 1 / 
13 48 2 / 
13 48 3 / 
13 48 4 / 
13 48 5 / 
13 49 1 / 
13 49 2 / 
13 49 3 / 
13 49 4 / 
13 49 5 / 
13 50 1 / 
13 50 2 / 
13 50 3 / 
13 50 4 / 
13 50 5 / 
13 51 1 / 
13 51 2 / 
13 51 3 / 
13 51 4 / 
13 51 5 / 
13 52 1 / 
13 52 2 / 
13 52 3 / 
13 52 4 / 
13 52 5 / 
13 53 1 / 
13 53 2 / 
13 53 3 / 
13 53 4 / 
13 53 5 / 
13 54 1 / 
13 54 2 / 
13 54 3 / 
13 54 4 / 
13 54 5 / 
13 55 1 / 
13 55 2 / 
13 55 3 / 
13 55 4 / 
13 55 5 / 
14 1 1 / 
14 1 2 / 
14 1 3 / 
14 1 4 / 
14 1 5 / 
14 2 1 / 
14 2 2 / 
14 2 3 / 
14 2 4 / 
14 2 5 / 
14 3 1 / 
14 3 2 / 
14 3 3 / 
14 3 4 / 
14 3 5 / 
14 4 1 / 
14 4 2 / 
14 4 3 / 
14 4 4 / 
14 4 5 / 
14 5 1 / 
14 5 2 / 
14 5 3 / 
14 5 4 / 
14 5 5 / 
14 6 1 / 
14 6 2 / 
14 6 3 / 
14 6 4 / 
14 6 5 / 
14 7 1 / 
14 7 2 / 
14 7 3 / 
14 7 4 / 
14 7 5 / 
14 8 1 / 
14 8 2 / 
14 8 3 / 
14 8 4 / 
14 8 5 / 
14 9 1 / 
14 9 2 / 
14 9 3 / 
14 9 4 / 
14 9 5 / 
14 10 1 / 
14 10 2 / 
14 10 3 / 
14 10 4 / 
14 10 5 / 
14 11 1 / 
14 11 2 / 
14 11 3 / 
14 11 4 / 
14 11 5 / 
14 12 1 / 
14 12 2 / 
14 12 3 / 
14 12 4 / 
14 12 5 / 
14 13 1 / 
14 13 2 / 
14 13 3 / 
14 13 4 / 
14 13 5 / 
14 14 1 / 
14 14 2 / 
14 14 3 / 
14 14 4 / 
14 14 5 / 
14 15 1 / 
14 15 2 / 
14 15 3 / 
14 15 4 / 
14 15 5 / 
14 16 1 / 
14 16 2 / 
14 16 3 / 
14 16 4 / 
14 16 5 / 
14 17 1 / 
14 17 2 / 
14 17 3 / 
14 17 4 / 
14 17 5 / 
14 18 1 / 
14 18 2 / 
14 18 3 / 
14 18 4 / 
14 18 5 / 
14 19 1 / 
14 19 2 / 
14 19 3 / 
14 19 4 / 
14 19 5 / 
14 20 1 / 
14 20 2 / 
14 20 3 / 
14 20 4 / 
14 20 5 / 
14 21 1 / 
14 21 2 / 
14 21 3 / 
14 21 4 / 
14 21 5 / 
14 22 1 / 
14 22 2 / 
14 22 3 / 
14 22 4 / 
14 22 5 / 
14 23 1 / 
14 23 2 / 
14 23 3 / 
14 23 4 / 
14 23 5 / 
14 24 1 / 
14 24 2 / 
14 24 3 / 
14 24 4 / 
14 24 5 / 
14 25 1 / 
14 25 2 / 
14 25 3 / 
14 25 4 / 
14 25 5 / 
14 26 1 / 
14 26 2 / 
14 26 3 / 
14 26 4 / 
14 26 5 / 
14 27 1 / 
14 27 2 / 
14 27 3 / 
14 27 4 / 
14 27 5 / 
14 28 1 / 
14 28 2 / 
14 28 3 / 
14 28 4 / 
14 28 5 / 
14 29 1 / 
14 29 2 / 
14 29 3 / 
14 29 4 / 
14 29 5 / 
14 30 1 / 
14 30 2 / 
14 30 3 / 
14 30 4 / 
14 30 5 / 
14 31 1 / 
14 31 2 / 
14 31 3 / 
14 31 4 / 
14 31 5 / 
14 32 1 / 
14 32 2 / 
14 32 3 / 
14 32 4 / 
14 32 5 / 
14 33 1 / 
14 33 2 / 
14 33 3 / 
14 33 4 / 
14 33 5 / 
14 34 1 / 
14 34 2 / 
14 34 3 / 
14 34 4 / 
14 34 5 / 
14 35 1 / 
14 35 2 / 
14 35 3 / 
14 35 4 / 
14 35 5 / 
14 36 1 / 
14 36 2 / 
14 36 3 / 
14 36 4 / 
14 36 5 / 
14 37 1 / 
14 37 2 / 
14 37 3 / 
14 37 4 / 
14 37 5 / 
14 38 1 / 
14 38 2 / 
14 38 3 / 
14 38 4 / 
14 38 5 / 
14 39 1 / 
14 39 2 / 
14 39 3 / 
14 39 4 / 
14 39 5 / 
14 40 1 / 
14 40 2 / 
14 40 3 / 
14 40 4 / 
14 40 5 / 
14 41 1 / 
14 41 2 / 
14 41 3 / 
14 41 4 / 
14 41 5 / 
14 42 1 / 
14 42 2 / 
14 42 3 / 
14 42 4 / 
14 42 5 / 
14 43 1 / 
14 43 2 / 
14 43 3 / 
14 43 4 / 
14 43 5 / 
14 44 1 / 
14 44 2 / 
14 44 3 / 
14 44 4 / 
14 44 5 / 
14 45 1 / 
14 45 2 / 
14 45 3 / 
14 45 4 / 
14 45 5 / 
14 46 1 / 
14 46 2 / 
14 46 3 / 
14 46 4 / 
14 46 5 / 
14 47 1 / 
14 47 2 / 
14 47 3 / 
14 47 4 / 
14 47 5 / 
14 48 1 / 
14 48 2 / 
14 48 3 / 
14 48 4 / 
14 48 5 / 
14 49 1 / 
14 49 2 / 
14 49 3 / 
14 49 4 / 
14 49 5 / 
14 50 1 / 
14 50 2 / 
14 50 3 / 
14 50 4 / 
14 50 5 / 
14 51 1 / 
14 51 2 / 
14 51 3 / 
14 51 4 / 
14 51 5 / 
14 52 1 / 
14 52 2 / 
14 52 3 / 
14 52 4 / 
14 52 5 / 
14 53 1 / 
14 53 2 / 
14 53 3 / 
14 53 4 / 
14 53 5 / 
14 54 1 / 
14 54 2 / 
14 54 3 / 
14 54 4 / 
14 54 5 / 
14 55 1 / 
14 55 2 / 
14 55 3 / 
14 55 4 / 
14 55 5 / 
15 1 1 / 
15 1 2 / 
15 1 3 / 
15 1 4 / 
15 1 5 / 
15 2 1 / 
15 2 2 / 
15 2 3 / 
15 2 4 / 
15 2 5 / 
15 3 1 / 
15 3 2 / 
15 3 3 / 
15 3 4 / 
15 3 5 / 
15 4 1 / 
15 4 2 / 
15 4 3 / 
15 4 4 / 
15 4 5 / 
15 5 1 / 
15 5 2 / 
15 5 3 / 
15 5 4 / 
15 5 5 / 
15 6 1 / 
15 6 2 / 
15 6 3 / 
15 6 4 / 
15 6 5 / 
15 7 1 / 
15 7 2 / 
15 7 3 / 
15 7 4 / 
15 7 5 / 
15 8 1 / 
15 8 2 / 
15 8 3 / 
15 8 4 / 
15 8 5 / 
15 9 1 / 
15 9 2 / 
15 9 3 / 
15 9 4 / 
15 9 5 / 
15 10 1 / 
15 10 2 / 
15 10 3 / 
15 10 4 / 
15 10 5 / 
15 11 1 / 
15 11 2 / 
15 11 3 / 
15 11 4 / 
15 11 5 / 
15 12 1 / 
15 12 2 / 
15 12 3 / 
15 12 4 / 
15 12 5 / 
15 13 1 / 
15 13 2 / 
15 13 3 / 
15 13 4 / 
15 13 5 / 
15 14 1 / 
15 14 2 / 
15 14 3 / 
15 14 4 / 
15 14 5 / 
15 15 1 / 
15 15 2 / 
15 15 3 / 
15 15 4 / 
15 15 5 / 
15 16 1 / 
15 16 2 / 
15 16 3 / 
15 16 4 / 
15 16 5 / 
15 17 1 / 
15 17 2 / 
15 17 3 / 
15 17 4 / 
15 17 5 / 
15 18 1 / 
15 18 2 / 
15 18 3 / 
15 18 4 / 
15 18 5 / 
15 19 1 / 
15 19 2 / 
15 19 3 / 
15 19 4 / 
15 19 5 / 
15 20 1 / 
15 20 2 / 
15 20 3 / 
15 20 4 / 
15 20 5 / 
15 21 1 / 
15 21 2 / 
15 21 3 / 
15 21 4 / 
15 21 5 / 
15 22 1 / 
15 22 2 / 
15 22 3 / 
15 22 4 / 
15 22 5 / 
15 23 1 / 
15 23 2 / 
15 23 3 / 
15 23 4 / 
15 23 5 / 
15 24 1 / 
15 24 2 / 
15 24 3 / 
15 24 4 / 
15 24 5 / 
15 25 1 / 
15 25 2 / 
15 25 3 / 
15 25 4 / 
15 25 5 / 
15 26 1 / 
15 26 2 / 
15 26 3 / 
15 26 4 / 
15 26 5 / 
15 27 1 / 
15 27 2 / 
15 27 3 / 
15 27 4 / 
15 27 5 / 
15 28 1 / 
15 28 2 / 
15 28 3 / 
15 28 4 / 
15 28 5 / 
15 29 1 / 
15 29 2 / 
15 29 3 / 
15 29 4 / 
15 29 5 / 
15 30 1 / 
15 30 2 / 
15 30 3 / 
15 30 4 / 
15 30 5 / 
15 31 1 / 
15 31 2 / 
15 31 3 / 
15 31 4 / 
15 31 5 / 
15 32 1 / 
15 32 2 / 
15 32 3 / 
15 32 4 / 
15 32 5 / 
15 33 1 / 
15 33 2 / 
15 33 3 / 
15 33 4 / 
15 33 5 / 
15 34 1 / 
15 34 2 / 
15 34 3 / 
15 34 4 / 
15 34 5 / 
15 35 1 / 
15 35 2 / 
15 35 3 / 
15 35 4 / 
15 35 5 / 
15 36 1 / 
15 36 2 / 
15 36 3 / 
15 36 4 / 
15 36 5 / 
15 37 1 / 
15 37 2 / 
15 37 3 / 
15 37 4 / 
15 37 5 / 
15 38 1 / 
15 38 2 / 
15 38 3 / 
15 38 4 / 
15 38 5 / 
15 39 1 / 
15 39 2 / 
15 39 3 / 
15 39 4 / 
15 39 5 / 
15 40 1 / 
15 40 2 / 
15 40 3 / 
15 40 4 / 
15 40 5 / 
15 41 1 / 
15 41 2 / 
15 41 3 / 
15 41 4 / 
15 41 5 / 
15 42 1 / 
15 42 2 / 
15 42 3 / 
15 42 4 / 
15 42 5 / 
15 43 1 / 
15 43 2 / 
15 43 3 / 
15 43 4 / 
15 43 5 / 
15 44 1 / 
15 44 2 / 
15 44 3 / 
15 44 4 / 
15 44 5 / 
15 45 1 / 
15 45 2 / 
15 45 3 / 
15 45 4 / 
15 45 5 / 
15 46 1 / 
15 46 2 / 
15 46 3 / 
15 46 4 / 
15 46 5 / 
15 47 1 / 
15 47 2 / 
15 47 3 / 
15 47 4 / 
15 47 5 / 
15 48 1 / 
15 48 2 / 
15 48 3 / 
15 48 4 / 
15 48 5 / 
15 49 1 / 
15 49 2 / 
15 49 3 / 
15 49 4 / 
15 49 5 / 
15 50 1 / 
15 50 2 / 
15 50 3 / 
15 50 4 / 
15 50 5 / 
15 51 1 / 
15 51 2 / 
15 51 3 / 
15 51 4 / 
15 51 5 / 
15 52 1 / 
15 52 2 / 
15 52 3 / 
15 52 4 / 
15 52 5 / 
15 53 1 / 
15 53 2 / 
15 53 3 / 
15 53 4 / 
15 53 5 / 
15 54 1 / 
15 54 2 / 
15 54 3 / 
15 54 4 / 
15 54 5 / 
15 55 1 / 
15 55 2 / 
15 55 3 / 
15 55 4 / 
15 55 5 / 
/
