PORO
0.091568
0.055319
0.035778
0.067129
0.061337
0.090125
0.093222
0.080185
0.078325
0.031197
0.046968
0.042005
0.048453
0.076636
0.073541
0.08937
0.065415
0.047675
0.086976
0.050462
0.09343
0.073573
0.084754
0.053566
0.041416
0.086019
0.082015
0.055256
0.086833
0.092516
0.12127
0.1142
0.093612
0.10646
0.039944
0.089677
0.048388
0.071887
0.069957
0.063781
0.099625
0.080255
0.047482
0.045729
0.074849
0.062317
0.085024
0.11443
0.12892
0.087557
0.045029
0.039943
0.054377
0.025767
0.05376
0.10229
0.094442
0.044757
0.044263
0.078583
0.046332
0.037199
0.071675
0.050188
0.060071
0.073561
0.070069
0.066695
0.030743
0.036348
0.088405
0.06266
0.096299
0.069031
0.086145
0.068137
0.046914
0.032111
0.054705
0.068588
0.10345
0.12079
0.085233
0.04836
0.076869
0.11499
0.075401
0.14237
0.19472
0.068393
0.046165
0.023968
0.020957
0.072194
0.056068
0.069096
0.089909
0.10311
0.044404
0.069281
0.099374
0.10076
0.097508
0.20693
0.16679
0.058904
0.070193
0.04847
0.098108
0.063473
0.077313
0.069357
0.056737
0.053403
0.097211
0.097726
0.12201
0.14553
0.18931
0.16094
0.088476
0.059435
0.10705
0.099042
0.048541
0.038922
0.07483
0.013916
0.080454
0.18243
0.2564
0.1334
0.10493
0.044288
0.013376
0.069014
0.048334
0.042457
0.076078
0.077174
0.016117
0.022237
0.020919
0.12204
0.24044
0.20072
0.089794
0.07585
0.075677
0.081133
0.06014
0.099552
0.042666
0.02031
0.04001
0.064785
0.037839
0.049896
0.07278
0.088387
0.23798
0.073489
0.052479
0.056651
0.053913
0.037277
0.093934
0.061886
0.073875
0.058026
0.064547
0.044644
0.053256
0.065799
0.094995
0.14095
0.24867
0.06708
0.082881
0.072877
0.078328
0.10263
0.033094
0.054338
0.099279
0.088555
0.083299
0.072069
0.090913
0.084882
0.060111
0.37176
0.074645
0.072353
0.062559
0.038009
0.088785
0.023007
0.060575
0.052164
0.088541
0.10295
0.091906
0.12285
0.083796
0.1182
0.36614
0.25237
0.063951
0.11048
0.074244
0.10607
0.12131
0.1431
0.070914
0.091371
0.073126
0.077758
0.10804
0.07652
0.11796
0.34587
0.33682
0.077367
0.12953
0.067864
0.044767
0.088566
0.097272
0.038308
0.075545
0.059415
0.099217
0.19322
0.16519
0.13516
0.19303
0.11571
0.082363
0.081707
0.062269
0.059338
0.065018
0.068161
0.032216
0.10462
0.042049
0.27088
0.21521
0.074656
0.066108
0.086929
0.08457
0.097234
0.046546
0.057498
0.025058
0.064919
0.068346
0.060583
0.042324
0.046821
0.29473
0.26709
0.10357
0.075721
0.1256
0.07768
0.081903
0.090409
0.066887
0.052708
0.092056
0.083231
0.06393
0.05357
0.058184
0.19272
0.28324
0.16026
0.095824
0.094866
0.10901
0.093762
0.092016
0.081275
0.08924
0.10239
0.1209
0.09246
0.092285
0.067421
0.23276
0.2496
0.1376
0.10517
0.091333
0.070558
0.098877
0.077699
0.070678
0.092913
0.10173
0.10396
0.024587
0.068987
0.18774
0.14289
0.059778
0.12533
0.15378
0.07085
0.043383
0.056442
0.14921
0.089674
0.049692
0.062793
0.041691
0.13601
0.13883
0.12021
0.05267
0.037648
0.10523
0.11684
0.13567
0.068631
0.052463
0.099639
0.075235
0.15397
0.29661
0.15179
0.13673
0.10262
0.051472
0.047541
0.05143
0.11283
0.10766
0.085294
0.046035
0.050215
0.069928
0.10733
0.083865
0.084166
0.09752
0.15056
0.1571
0.051501
0.07468
0.097423
0.096392
0.067677
0.054125
0.046379
0.056937
0.089005
0.045021
0.088691
0.10285
0.063671
0.082611
0.11245
0.10846
0.057255
0.076398
0.091058
0.048467
0.077373
0.059843
0.059348
0.083516
0.071923
0.07655
0.11236
0.13587
0.14024
0.17304
0.12324
0.062313
0.092425
0.12818
0.094708
0.079895
0.064456
0.077502
0.067397
0.061668
0.05035
0.19973
0.31853
0.14425
0.068907
0.042133
0.075085
0.059839
0.09763
0.066304
0.079712
0.050039
0.094886
0.089096
0.085121
0.064525
0.12226
0.3094
0.17834
0.055625
0.092846
0.071929
0.076314
0.11328
0.071417
0.043267
0.046811
0.029164
0.046382
0.067872
0.034626
0.051534
0.26247
0.22544
0.16664
0.10468
0.063989
0.04713
0.058875
0.077355
0.047083
0.068259
0.055168
0.087093
0.073765
0.064273
0.11915
0.2642
0.22604
0.11385
0.062752
0.0643
0.11021
0.094434
0.1121
0.11564
0.12482
0.11008
0.075767
0.087636
0.065416
0.12333
0.21051
0.1201
0.087325
0.069153
0.080005
0.099275
0.083756
0.045655
0.045265
0.0581
0.078266
0.10043
0.086712
0.074092
0.059421
0.16389
0.1086
0.032849
0.047985
0.0765
0.069645
0.068526
0.072064
0.10565
0.035658
0.015527
0.062726
0.082199
0.076178
0.052882
0.13573
0.10545
0.10328
0.10729
0.068856
0.10297
0.10862
0.072131
0.082686
0.031829
0.060958
0.037166
0.079396
0.04272
0.022218
0.13689
0.11614
0.13128
0.097079
0.12626
0.087139
0.096203
0.055021
0.07524
0.049723
0.079587
0.067141
0.087448
0.055083
0.057431
0.17409
0.11819
0.12775
0.056578
0.10301
0.090128
0.044087
0.045891
0.10613
0.095833
0.050813
0.065854
0.04923
0.14168
0.16986
0.24692
0.24722
0.15958
0.1065
0.077548
0.057353
0.069125
0.058957
0.11473
0.10637
0.069215
0.05502
0.031239
0.13361
0.27778
0.15047
0.15331
0.19045
0.16564
0.049642
0.029811
0.053175
0.067455
0.14795
0.09146
0.11416
0.12811
0.057914
0.073089
0.21778
0.097941
0.033366
0.099483
0.1851
0.17526
0.077366
0.053428
0.030177
0.05918
0.063539
0.11898
0.067489
0.094031
0.067214
0.081364
0.17688
0.085574
0.095567
0.12554
0.15975
0.19499
0.10198
0.029572
0.1077
0.084774
0.068105
0.037238
0.072678
0.047703
0.052595
0.13707
0.18216
0.051737
0.040744
0.1054
0.14613
0.14015
0.055409
0.071973
0.043432
0.044774
0.076542
0.072613
0.061186
0.076138
0.16241
0.047311
0.12564
0.090994
0.077794
0.074213
0.068046
0.017584
0.036875
0.023029
0.033507
0.028114
0.045857
0.059561
0.067235
0.039425
0.061458
0.12206
0.083509
0.081569
0.09111
0.037577
0.033909
0.082066
0.02996
0.0057396
0.049499
0.037208
0.10736
0.10635
0.087977
0.036721
0.07969
0.14012
0.12135
0.048094
0.082532
0.046331
0.044014
0.038356
0.050704
0.081784
0.13121
0.050866
0.058156
0.030758
0.01037
0.061162
0.089327
0.10461
0.071018
0.090226
0.047674
0.055364
0.061254
0.079355
0.20261
0.17421
0.11235
0.10351
0.025686
0.03325
0.11804
0.090623
0.047763
0.081213
0.048766
0.07791
0.059687
0.079858
0.04253
0.19683
0.18576
0.21203
0.065644
0.0091412
0.05825
0.13306
0.078277
0.038285
0.076735
0.094976
0.077756
0.06118
0.050275
0.038179
0.19811
0.14253
0.28255
0.11878
0.022447
0.059205
0.10534
0.066911
0.051276
0.10137
0.097872
0.14391
0.062832
0.051945
0.050318
0.045611
0.18744
0.30314
0.14018
0.03035
0.084745
0.098359
0.1059
0.12988
0.21245
0.11539
0.094647
0.093606
0.040852
0.052416
0.051817
0.1543
0.30086
0.22091
0.046197
0.083954
0.089579
0.16015
0.19305
0.076636
0.039932
0.07866
0.050487
0.077943
0.057866
0.079824
0.12781
0.29464
0.18354
0.070033
0.064353
0.023214
0.098002
0.1219
0.049288
0.092018
0.048728
0.017067
0.08248
0.075629
0.080736
0.068312
0.22215
0.16919
0.051661
0.051453
0.081319
0.063715
0.074533
0.059577
0.062396
0.065599
0.067057
0.12419
0.10727
0.10362
0.092535
0.24692
0.089051
0.041825
0.078139
0.058082
0.028235
0.06083
0.070724
0.03323
0.095047
0.17298
0.12003
0.11357
0.20304
0.18386
0.15043
0.0312
0.041296
0.063308
0.054967
0.040865
0.057848
0.10759
0.06886
0.050853
0.11383
0.098621
0.14405
0.20132
0.10184
0.13249
0.059308
0.014562
0.051284
0.074033
0.20932
0.26914
0.22514
0.072079
0.068592
0.074993
0.079649
0.06608
0.18901
0.07395
0.10025
0.098331
0.080624
0.063896
0.10676
0.21507
0.31532
0.21532
0.047519
0.091394
0.053237
0.079156
0.088844
0.1017
0.10522
0.031127
0.040774
0.076103
0.061012
0.067614
0.096452
0.24251
0.34698
0.26913
0.071313
0.040254
0.26382
0.15755
0.065912
0.072862
0.043809
0.051974
0.080298
0.045556
0.10296
0.1266
0.098869
0.07425
0.021222
0.050242
0.07876
0.20614
0.21053
0.1564
0.11559
0.11462
0.10102
0.1176
0.046563
0.088462
0.058416
0.085644
0.047832
0.047844
0.10262
0.089087
0.16197
0.20926
0.071904
0.044822
0.075441
0.11179
0.12164
0.10207
0.03963
0.048821
0.045263
0.043016
0.041622
0.12213
0.093649
0.13261
0.13604
0.098407
0.059475
0.078128
0.085431
0.072458
0.073606
0.067258
0.058641
0.082495
0.040246
0.021298
0.083045
0.060331
0.15645
0.11732
0.063086
0.08109
0.047208
0.051798
0.05261
0.06003
0.22382
0.18579
0.11895
0.067464
0.071274
0.1152
0.085591
0.14029
0.16834
0.062934
0.042646
0.016959
0.019608
0.053777
0.040181
0.063745
0.074111
0.11838
0.048224
0.069224
0.11885
0.10537
0.11356
0.18082
0.12427
0.076563
0.0566
0.062284
0.091622
0.0536
0.076713
0.084265
0.051233
0.059226
0.076409
0.083589
0.14118
0.15519
0.24973
0.17956
0.092921
0.041208
0.11582
0.10329
0.095486
0.097933
0.064744
0.013441
0.080943
0.17762
0.20708
0.15368
0.11405
0.065443
0.058308
0.061695
0.044782
0.04236
0.12439
0.20475
0.070226
0.018633
0.017059
0.11843
0.19547
0.12672
0.087962
0.079791
0.071572
0.071752
0.039903
0.094283
0.067
0.025526
0.060623
0.05764
0.029117
0.052153
0.069557
0.068792
0.15558
0.087506
0.046827
0.062012
0.043303
0.060163
0.076928
0.0524
0.070716
0.074935
0.087731
0.14842
0.21278
0.13695
0.099691
0.093327
0.11944
0.049262
0.20249
0.18095
0.075684
0.096238
0.03183
0.063751
0.11058
0.16865
0.15247
0.12863
0.096527
0.12057
0.040222
0.18384
0.051835
0.13769
0.29675
0.039974
0.096521
0.030609
0.075436
0.1156
0.17099
0.093123
0.088223
0.11795
0.096923
0.11461
0.22073
0.17633
0.053387
0.17415
0.076608
0.11894
0.10105
0.15034
0.079007
0.10186
0.10547
0.20623
0.34076
0.19056
0.10794
0.24368
0.24416
0.075722
0.16031
0.064796
0.057525
0.086805
0.087454
0.025964
0.11191
0.13359
0.060777
0.25212
0.25564
0.19775
0.14663
0.10731
0.095646
0.11358
0.07215
0.043097
0.063415
0.060507
0.0093222
0.15654
0.087076
0.14652
0.18239
0.13651
0.11053
0.096008
0.07565
0.072317
0.052
0.06331
0.03668
0.082927
0.043791
0.052784
0.053044
0.12635
0.18799
0.21382
0.10596
0.090347
0.13687
0.095818
0.073745
0.092547
0.061709
0.048982
0.099028
0.08859
0.065907
0.039824
0.050793
0.1846
0.27225
0.15532
0.093628
0.10084
0.096461
0.091141
0.13199
0.072038
0.096555
0.1126
0.12838
0.094959
0.067668
0.085661
0.27894
0.2432
0.1253
0.1125
0.088396
0.089452
0.22918
0.14252
0.082499
0.089616
0.12056
0.1297
0.099282
0.15544
0.27285
0.18503
0.054765
0.10739
0.14989
0.080453
0.048945
0.12854
0.20916
0.06604
0.11619
0.16892
0.1394
0.23265
0.26518
0.17592
0.055909
0.033813
0.10706
0.1107
0.1228
0.045776
0.066269
0.096758
0.071159
0.22584
0.17996
0.138
0.21847
0.20319
0.16216
0.1037
0.047316
0.13375
0.09632
0.056691
0.038688
0.028974
0.1677
0.097857
0.084848
0.07955
0.076126
0.16223
0.2476
0.16031
0.20168
0.12065
0.10975
0.073394
0.04153
0.040674
0.041557
0.082572
0.048846
0.11495
0.11464
0.065828
0.085945
0.11081
0.31089
0.12069
0.14704
0.17306
0.10347
0.065528
0.048224
0.045338
0.077863
0.08163
0.059548
0.10109
0.13394
0.14858
0.221
0.25555
0.14887
0.11311
0.16553
0.19604
0.094744
0.069547
0.092881
0.077865
0.068574
0.043928
0.17241
0.25571
0.1376
0.052957
0.047106
0.10737
0.12942
0.10797
0.13694
0.073522
0.052358
0.092566
0.16041
0.083824
0.081156
0.1224
0.27247
0.24953
0.051267
0.10753
0.21925
0.10266
0.15275
0.090865
0.039808
0.024169
0.037216
0.11385
0.079667
0.014879
0.040992
0.26824
0.31091
0.22389
0.12291
0.08933
0.13954
0.071118
0.098125
0.056612
0.059854
0.058742
0.070815
0.083717
0.054293
0.14157
0.27893
0.24886
0.13313
0.094664
0.099302
0.094535
0.095718
0.10944
0.10452
0.11103
0.092542
0.073703
0.079732
0.069035
0.15815
0.22662
0.13316
0.070418
0.10062
0.10095
0.07615
0.063288
0.026731
0.065591
0.068039
0.10909
0.10872
0.10048
0.063717
0.070263
0.18715
0.090084
0.047629
0.050404
0.093212
0.082471
0.072053
0.091289
0.11724
0.1595
0.030351
0.051338
0.084241
0.067803
0.055136
0.15418
0.11284
0.12598
0.12506
0.18085
0.12412
0.10506
0.086879
0.088172
0.04872
0.1157
0.11387
0.069284
0.030315
0.015783
0.11023
0.11566
0.19842
0.21578
0.20702
0.12837
0.10513
0.067115
0.043087
0.12444
0.244
0.14391
0.087298
0.066879
0.053796
0.12422
0.17358
0.28085
0.27324
0.11924
0.10103
0.03556
0.025829
0.094534
0.1355
0.25864
0.25282
0.06151
0.13701
0.14399
0.20183
0.18371
0.24182
0.29191
0.18184
0.13189
0.11685
0.073308
0.12554
0.10197
0.15751
0.29312
0.028814
0.086593
0.21228
0.11964
0.11927
0.20752
0.20629
0.13098
0.04723
0.094606
0.10725
0.13725
0.075444
0.13951
0.2812
0.064149
0.066648
0.1966
0.096932
0.038706
0.10979
0.21704
0.14642
0.069529
0.12874
0.18445
0.081366
0.071977
0.19002
0.2328
0.088069
0.055311
0.089379
0.17353
0.073793
0.083529
0.11383
0.11926
0.21967
0.12172
0.12434
0.10275
0.10414
0.1725
0.26543
0.068525
0.0459
0.037126
0.15555
0.19152
0.22283
0.33901
0.18113
0.22327
0.26712
0.059788
0.039146
0.051969
0.077139
0.20712
0.08538
0.042385
0.081021
0.14881
0.059778
0.13549
0.22734
0.20829
0.15806
0.24208
0.057169
0.029388
0.0059482
0.030901
0.054813
0.058651
0.072909
0.071451
0.030992
0.055792
0.11387
0.09681
0.086455
0.17894
0.24307
0.15373
0.10985
0.032408
0.010524
0.12152
0.034808
0.11209
0.12317
0.075728
0.036013
0.081062
0.13815
0.16976
0.21403
0.22965
0.094909
0.030725
0.083749
0.22959
0.16019
0.091218
0.058495
0.070801
0.016116
0.012209
0.060771
0.10414
0.23656
0.20128
0.24349
0.06893
0.096931
0.22396
0.12544
0.21006
0.13355
0.10795
0.11382
0.024684
0.021913
0.086152
0.090767
0.21285
0.22139
0.24229
0.18163
0.073985
0.083135
0.04276
0.18829
0.12799
0.16284
0.079624
0.0038733
0.058179
0.12112
0.076742
0.061318
0.26544
0.24796
0.23305
0.055141
0.1207
0.16055
0.2415
0.12819
0.16914
0.10007
0.026628
0.048268
0.11847
0.076731
0.041187
0.2424
0.20088
0.16148
0.14139
0.21994
0.13381
0.15944
0.15148
0.21534
0.13079
0.032795
0.1016
0.081263
0.10523
0.13245
0.27637
0.15659
0.066283
0.26379
0.16033
0.065207
0.1358
0.12281
0.24668
0.15259
0.052974
0.059747
0.075995
0.14094
0.20265
0.22112
0.055681
0.075153
0.11876
0.10586
0.08337
0.12439
0.12066
0.26583
0.17232
0.081034
0.050416
0.026725
0.13692
0.19142
0.25553
0.12209
0.038266
0.030884
0.12618
0.18619
0.10685
0.042321
0.26306
0.18482
0.050922
0.031792
0.10802
0.16578
0.18132
0.23768
0.20813
0.056201
0.13241
0.16695
0.14313
0.10462
0.12941
0.31227
0.088142
0.025914
0.059954
0.14641
0.21972
0.15071
0.22047
0.236
0.088669
0.13174
0.11616
0.18735
0.18605
0.23296
0.17281
0.035008
0.032583
0.052603
0.041508
0.087017
0.14227
0.22672
0.16678
0.06164
0.11829
0.11127
0.15983
0.21517
0.09373
0.13612
0.054658
0.014965
0.040607
0.055708
0.11923
0.12974
0.17078
0.061166
0.08402
0.097229
0.069524
0.056156
0.22161
0.063768
0.096119
0.12414
0.083162
0.0608
0.13299
0.21039
0.12722
0.13996
0.040312
0.079949
0.12932
0.15087
0.16758
0.22264
0.12497
0.042136
0.028969
0.070944
0.050911
0.18257
0.15711
0.2794
0.30048
0.1887
0.073062
0.052469
0.15943
0.11724
0.12032
0.058898
0.05135
0.052694
0.05626
0.058524
0.16045
0.24647
0.30978
0.24481
0.12433
0.049558
0.085086
0.13773
0.18101
0.13759
0.099327
0.11152
0.10024
0.13
0.042509
0.1344
0.27216
0.22415
0.1748
0.054251
0.092282
0.087384
0.11897
0.17893
0.068429
0.050851
0.07243
0.091514
0.10381
0.1334
0.23293
0.28323
0.24711
0.29868
0.037465
0.13254
0.10469
0.12872
0.18467
0.1629
0.10097
0.089666
0.12922
0.075796
0.3573
0.29719
0.31911
0.22931
0.12672
0.02806
0.086937
0.058277
0.13286
0.1091
0.17864
0.076994
0.056581
0.047663
0.045454
0.079134
0.34436
0.26172
0.13104
0.072446
0.069871
0.10534
0.080541
0.13732
0.1503
0.14933
0.047366
0.01791
0.020875
0.067453
0.23634
0.33743
0.16057
0.19987
0.10947
0.070301
0.12546
0.098968
0.11122
0.16605
0.16887
0.067248
0.062777
0.072683
0.079048
0.15263
0.35565
0.24014
0.32529
0.1279
0.057179
0.085461
0.17299
0.21468
0.18734
0.16738
0.087029
0.048835
0.11938
0.14799
0.1965
0.31024
0.15957
0.26284
0.2093
0.1774
0.29844
0.19532
0.15002
0.059926
0.17069
0.047018
0.031457
0.059382
0.14417
0.29087
0.11623
0.079981
0.15983
0.21544
0.31968
0.19976
0.055645
0.087099
0.11746
0.21579
0.045808
0.080886
0.06796
0.044113
0.10072
0.17982
0.19349
0.25155
0.39105
0.24999
0.22068
0.082099
0.044824
0.27785
0.19248
0.085234
0.087858
0.045107
0.063136
0.093497
0.2304
0.22039
0.32395
0.1969
0.14451
0.13011
0.14887
0.041544
0.1865
0.19655
0.060105
0.082861
0.038641
0.072788
0.24652
0.23997
0.34314
0.33622
0.12771
0.18397
0.053137
0.21269
0.064264
0.075027
0.12318
0.02907
0.12426
0.042618
0.081343
0.20946
0.25929
0.30254
0.30964
0.2002
0.13027
0.099572
0.23046
0.1742
0.071028
0.094795
0.085135
0.14644
0.10363
0.19782
0.28162
0.18459
0.18406
0.19502
0.31826
0.18296
0.092025
0.22004
0.19605
0.097571
0.13854
0.068686
0.063966
0.088625
0.10175
0.025874
0.19058
0.19357
0.082847
0.30111
0.33462
0.22273
0.1428
0.083569
0.094879
0.11057
0.079699
0.039202
0.042689
0.052098
0.012904
0.17987
0.10842
0.25957
0.23401
0.30248
0.25398
0.088795
0.069098
0.052689
0.058418
0.055997
0.05031
0.057647
0.045921
0.048825
0.055606
0.15188
0.25886
0.27903
0.26824
0.20406
0.14179
0.10705
0.080816
0.097873
0.05469
0.05699
0.083093
0.097317
0.073252
0.033451
0.035814
0.25627
0.27882
0.17742
0.069297
0.094128
0.086013
0.11443
0.16918
0.053563
0.066984
0.10413
0.13491
0.11725
0.057456
0.090555
0.29897
0.25357
0.15903
0.11268
0.075007
0.10212
0.21911
0.16697
0.073832
0.073211
0.10687
0.12417
0.16203
0.21152
0.25278
0.218
0.17828
0.14079
0.15586
0.088648
0.040115
0.13326
0.16362
0.06756
0.11269
0.17473
0.12042
0.16164
0.20622
0.18693
0.20354
0.053215
0.098067
0.12046
0.13063
0.059143
0.098885
0.17548
0.06832
0.15554
0.19011
0.17407
0.1432
0.16054
0.13405
0.15123
0.049466
0.12978
0.067115
0.041726
0.040736
0.022946
0.19813
0.075378
0.069757
0.061055
0.12533
0.18817
0.28317
0.16537
0.10139
0.19809
0.19316
0.082648
0.032812
0.030181
0.032385
0.15206
0.045544
0.11141
0.10192
0.054914
0.096587
0.25379
0.31
0.07546
0.12722
0.2164
0.08072
0.069764
0.040437
0.034438
0.17143
0.079115
0.070348
0.10112
0.11422
0.11554
0.2457
0.27472
0.057443
0.11768
0.15713
0.16773
0.098477
0.072723
0.19585
0.19636
0.057743
0.082921
0.2014
0.19155
0.1033
0.05978
0.072136
0.12428
0.10047
0.11573
0.16836
0.090379
0.082071
0.2781
0.19199
0.075044
0.095689
0.15963
0.18518
0.11803
0.041654
0.11523
0.14801
0.1031
0.18284
0.14424
0.026865
0.032836
0.057927
0.18563
0.091281
0.034268
0.042792
0.16372
0.11285
0.14178
0.19279
0.088675
0.1345
0.17286
0.08787
0.055975
0.06544
0.078119
0.094759
0.10492
0.077563
0.099365
0.16235
0.12426
0.17931
0.18788
0.060974
0.16626
0.11287
0.092731
0.09473
0.096229
0.074966
0.058168
0.091397
0.099172
0.11581
0.15137
0.1967
0.12345
0.16581
0.10456
0.17304
0.082831
0.032076
0.056988
0.061092
0.097442
0.080348
0.09707
0.066226
0.18704
0.18756
0.2068
0.062831
0.042935
0.099984
0.10635
0.15811
0.11711
0.12319
0.20791
0.060313
0.047072
0.10432
0.074555
0.060199
0.25041
0.18027
0.14642
0.10744
0.1547
0.18637
0.17514
0.087705
0.10263
0.25458
0.13354
0.18553
0.056031
0.031702
0.013347
0.18771
0.14189
0.21178
0.20376
0.19093
0.21909
0.23015
0.13396
0.045893
0.14186
0.25082
0.22206
0.08021
0.054343
0.06172
0.17398
0.27655
0.28205
0.24188
0.22571
0.22477
0.051027
0.22731
0.25181
0.13654
0.25119
0.24044
0.070609
0.12626
0.10085
0.13092
0.27119
0.27003
0.2505
0.21009
0.2497
0.15567
0.15507
0.24825
0.073295
0.17407
0.23274
0.046615
0.055005
0.10318
0.094925
0.17938
0.27896
0.19784
0.085748
0.18331
0.22462
0.21851
0.14476
0.074885
0.2119
0.25018
0.054522
0.069347
0.19283
0.09295
0.026342
0.16196
0.22769
0.17603
0.10851
0.19494
0.25179
0.091709
0.058986
0.24135
0.17972
0.084433
0.032508
0.08699
0.24687
0.086317
0.10638
0.22132
0.20125
0.23522
0.1728
0.2208
0.11062
0.1183
0.20882
0.18127
0.0571
0.036315
0.035992
0.15411
0.21809
0.15595
0.25421
0.1841
0.2519
0.29989
0.098753
0.048043
0.068971
0.099026
0.18409
0.098466
0.056339
0.090959
0.19946
0.12392
0.26161
0.20366
0.2436
0.17497
0.28218
0.078903
0.019017
0.012749
0.035758
0.053439
0.060742
0.072352
0.064714
0.031858
0.068561
0.20952
0.23063
0.16316
0.19412
0.30635
0.18094
0.096263
0.011215
0.014081
0.10053
0.038234
0.077095
0.13324
0.085273
0.042274
0.13359
0.18896
0.22874
0.21162
0.30296
0.15844
0.029589
0.041529
0.1461
0.1714
0.10154
0.070313
0.082956
0.015765
0.017908
0.053116
0.10981
0.1299
0.17081
0.27975
0.063459
0.099779
0.15697
0.10404
0.18222
0.14181
0.13132
0.10512
0.031709
0.024872
0.081521
0.084658
0.14591
0.1805
0.24508
0.21272
0.14179
0.16902
0.090615
0.17175
0.10801
0.18049
0.078756
0.00078178
0.054662
0.10737
0.098645
0.25479
0.20137
0.2145
0.19251
0.10672
0.18092
0.13761
0.21589
0.075985
0.15441
0.10942
0.018518
0.042261
0.12421
0.083866
0.22688
0.23021
0.14728
0.23441
0.22062
0.23428
0.11447
0.18795
0.075742
0.085695
0.094209
0.036661
0.10518
0.098256
0.092788
0.18805
0.23491
0.13646
0.11174
0.19999
0.14535
0.10165
0.14631
0.10725
0.11001
0.080882
0.056774
0.055086
0.068521
0.14467
0.23572
0.21587
0.1339
0.13825
0.16267
0.10452
0.095391
0.17182
0.085796
0.069805
0.05519
0.091737
0.036161
0.020586
0.17054
0.29797
0.26218
0.11395
0.039055
0.092194
0.18881
0.16952
0.1078
0.037625
0.065761
0.062112
0.051284
0.026249
0.13975
0.2854
0.2588
0.22438
0.19311
0.075957
0.18236
0.19445
0.18902
0.12681
0.028451
0.034151
0.040592
0.035171
0.056134
0.13267
0.29086
0.28556
0.22012
0.19457
0.090297
0.15313
0.22523
0.24667
0.26584
0.041945
0.11183
0.030931
0.028134
0.050059
0.016161
0.13897
0.23033
0.20936
0.14237
0.054055
0.14122
0.19572
0.22548
0.30238
0.076002
0.10007
0.0667
0.011722
0.028382
0.050384
0.22891
0.22574
0.21985
0.12712
0.17652
0.22133
0.17041
0.10022
0.32243
0.047278
0.098389
0.12311
0.095592
0.058697
0.11759
0.30954
0.22165
0.18658
0.039038
0.04729
0.25225
0.2374
0.21049
0.31666
0.12346
0.06868
0.031484
0.059767
0.029652
0.28549
0.20158
0.18966
0.24888
0.21741
0.096732
0.059418
0.1567
0.10748
0.15335
0.061681
0.069119
0.074681
0.056259
0.067035
0.12103
0.26323
0.23093
0.2582
0.13367
0.040357
0.10813
0.12747
0.19952
0.16972
0.091197
0.078038
0.084772
0.12982
0.058329
0.14819
0.2604
0.2387
0.18101
0.057768
0.087359
0.091648
0.14608
0.21126
0.06832
0.064044
0.078005
0.088117
0.093574
0.097386
0.18983
0.23933
0.21903
0.18818
0.056768
0.13195
0.10417
0.0989
0.20668
0.13197
0.13297
0.10727
0.13419
0.051414
0.12492
0.20701
0.2339
0.25168
0.20649
0.15516
0.11014
0.049115
0.027588
0.051296
0.14417
0.077621
0.068245
0.047089
0.045716
0.12049
0.23697
0.30402
0.29679
0.15784
0.29364
0.15782
0.077145
0.11055
0.18758
0.11517
0.059097
0.029451
0.032881
0.062258
0.28456
0.30277
0.32702
0.30851
0.2297
0.14805
0.12309
0.10797
0.12504
0.27068
0.24344
0.051041
0.051855
0.057147
0.091756
0.20672
0.29526
0.28094
0.27566
0.16432
0.020376
0.084699
0.18565
0.19326
0.25159
0.25118
0.078735
0.049453
0.099854
0.14071
0.24433
0.26371
0.15089
0.24081
0.25187
0.15723
0.17375
0.18204
0.15651
0.082204
0.12902
0.039499
0.021275
0.071011
0.12645
0.28742
0.10931
0.095838
0.18379
0.18697
0.22132
0.11801
0.069217
0.10125
0.096146
0.17387
0.053987
0.079068
0.040123
0.04147
0.099983
0.18753
0.17556
0.2024
0.20742
0.15588
0.13825
0.063498
0.052917
0.19728
0.14641
0.075562
0.084325
0.047494
0.05337
0.069587
0.19377
0.2287
0.2749
0.14044
0.11931
0.096635
0.11761
0.052068
0.13065
0.13677
0.064186
0.06661
0.035066
0.06019
0.20254
0.21016
0.30351
0.26109
0.14274
0.17644
0.055726
0.097938
0.051566
0.078001
0.10574
0.031838
0.12114
0.050131
0.085508
0.18958
0.26974
0.23195
0.20344
0.20866
0.13293
0.099445
0.083795
0.058784
0.057171
0.10469
0.12698
0.14135
0.13981
0.15536
0.21436
0.17615
0.21452
0.17678
0.22458
0.10488
0.067529
0.09657
0.0834
0.096481
0.14876
0.19187
0.096264
0.087651
0.098931
0.047177
0.23986
0.24374
0.060198
0.17822
0.19111
0.14728
0.098675
0.080342
0.085239
0.13037
0.11832
0.054303
0.038391
0.041681
0.037849
0.25942
0.12465
0.15466
0.11722
0.19038
0.19209
0.1006
0.056504
0.056965
0.06011
0.077822
0.064709
0.066827
0.061611
0.034584
0.082178
0.17782
0.14246
0.10375
0.19239
0.17514
0.12912
0.11173
0.077817
0.068626
0.037507
0.048468
0.091484
0.084661
0.065395
0.025274
0.044462
0.24802
0.21965
0.17281
0.071845
0.1033
0.11047
0.13301
0.12167
0.17773
0.10615
0.12883
0.13326
0.12457
0.06279
0.091969
0.23723
0.22335
0.17437
0.10599
0.078944
0.099795
0.14417
0.10012
0.16407
0.13158
0.18153
0.13254
0.11605
0.22271
0.24516
0.22188
0.23934
0.12432
0.13963
0.078364
0.061836
0.09956
0.12665
0.14634
0.11601
0.19451
0.1316
0.16432
0.23497
0.25669
0.18403
0.062424
0.10248
0.11702
0.11027
0.063868
0.096174
0.18472
0.055187
0.16014
0.19602
0.17604
0.098168
0.23614
0.22507
0.1847
0.055615
0.10259
0.062032
0.041011
0.02669
0.030182
0.21106
0.08698
0.24638
0.12835
0.13203
0.24125
0.28958
0.19461
0.17962
0.24117
0.18713
0.086797
0.039568
0.01735
0.036952
0.2135
0.11809
0.11603
0.098933
0.11051
0.30312
0.28186
0.10004
0.13316
0.15974
0.18928
0.11802
0.06076
0.04307
0.027849
0.1719
0.12189
0.20079
0.13981
0.31456
0.1925
0.10237
0.16277
0.21142
0.12738
0.15791
0.23536
0.094143
0.066373
0.16544
0.21653
0.098977
0.19317
0.28051
0.27419
0.10005
0.050886
0.085896
0.19473
0.15131
0.12735
0.24515
0.1109
0.091805
0.18367
0.185
0.071882
0.20306
0.18291
0.23554
0.16388
0.030705
0.11876
0.1763
0.12437
0.15447
0.17004
0.026149
0.032715
0.055066
0.15784
0.089006
0.034847
0.12123
0.16539
0.15343
0.21812
0.22125
0.13369
0.17369
0.16231
0.085122
0.064382
0.067354
0.09692
0.086807
0.10577
0.079619
0.2075
0.31099
0.28948
0.18588
0.20337
0.14593
0.1835
0.14653
0.10325
0.068583
0.066846
0.064015
0.060931
0.10257
0.10948
0.070847
0.26884
0.31064
0.1689
0.17505
0.19905
0.1644
0.078538
0.03983
0.042538
0.048605
0.10229
0.088939
0.076046
0.089009
0.163
0.27988
0.27855
0.07426
0.057372
0.158
0.17999
0.19377
0.11284
0.10164
0.23595
0.063996
0.049574
0.10462
0.069578
0.093618
0.33591
0.21538
0.15628
0.10096
0.15266
0.22219
0.16975
0.092008
0.11852
0.27145
0.11477
0.16017
0.063804
0.035379
0.0038938
0.14432
0.21895
0.19585
0.17478
0.19784
0.2093
0.24064
0.14633
0.054582
0.13439
0.16906
0.23853
0.069944
0.060233
0.069591
0.088002
0.21585
0.20797
0.16865
0.20059
0.22321
0.06936
0.23941
0.17021
0.13617
0.20232
0.29024
0.077736
0.11773
0.087848
0.1674
0.22765
0.23534
0.31656
0.23352
0.21856
0.12849
0.2229
0.17951
0.070002
0.15737
0.22432
0.036597
0.046579
0.14435
0.14966
0.14783
0.25923
0.25827
0.1712
0.18286
0.22301
0.28771
0.13643
0.088349
0.22938
0.22484
0.055564
0.059532
0.21845
0.23177
0.054766
0.16405
0.26264
0.16111
0.1478
0.21802
0.27517
0.10883
0.05066
0.22396
0.20988
0.066166
0.037621
0.2175
0.29805
0.23179
0.13971
0.21312
0.20353
0.15319
0.17256
0.17354
0.10755
0.12994
0.18613
0.21166
0.044249
0.025044
0.038227
0.13925
0.24393
0.21395
0.31565
0.23889
0.16437
0.18392
0.097321
0.057086
0.096199
0.077926
0.17194
0.093183
0.065221
0.059268
0.060616
0.24988
0.2255
0.21983
0.27368
0.16216
0.19658
0.063671
0.016556
0.014404
0.040733
0.033409
0.077053
0.079275
0.051449
0.029969
0.18349
0.20777
0.17869
0.12475
0.18207
0.23026
0.11966
0.091702
0.021152
0.013942
0.11509
0.022749
0.076557
0.11495
0.061475
0.11872
0.28388
0.26944
0.18455
0.18967
0.21934
0.15049
0.019205
0.074519
0.19831
0.24045
0.079563
0.082671
0.097547
0.030635
0.083399
0.27601
0.23622
0.20545
0.2055
0.22802
0.11925
0.12619
0.29672
0.10544
0.26017
0.07835
0.12594
0.11243
0.044418
0.040158
0.19603
0.11811
0.21166
0.18025
0.18509
0.16373
0.21581
0.31192
0.12168
0.21964
0.020253
0.080629
0.071687
0.0057321
0.057904
0.13718
0.1639
0.21787
0.14263
0.15787
0.21839
0.14474
0.27362
0.26881
0.25031
0.05788
0.087632
0.050301
0.0069923
0.048038
0.11531
0.093672
0.21391
0.15662
0.12792
0.19941
0.23295
0.19525
0.21537
0.24919
0.077614
0.080783
0.091213
0.07342
0.090312
0.10677
0.13215
0.22707
0.13037
0.12806
0.16232
0.16313
0.10655
0.16992
0.22906
0.09278
0.09714
0.078187
0.056508
0.063821
0.079985
0.25177
0.28424
0.1796
0.16485
0.15665
0.13599
0.11154
0.090926
0.2322
0.078775
0.059648
0.04072
0.070344
0.039545
0.014081
0.22338
0.27652
0.2194
0.11934
0.076546
0.12196
0.21021
0.15432
0.10208
0.027459
0.049102
0.080512
0.074387
0.031502
0.13257
0.24695
0.27097
0.193
0.13544
0.08184
0.18428
0.24203
0.17647
0.13864
0.014439
0.032558
0.018926
0.043886
0.069099
0.16626
0.25245
0.31001
0.27153
0.18086
0.17655
0.20443
0.24514
0.22494
0.27565
0.028104
0.10214
0.04033
0.028468
0.053485
0.022808
0.11412
0.26842
0.33989
0.20145
0.13242
0.22575
0.25945
0.26977
0.32341
0.040034
0.067756
0.072747
0.012779
0.025642
0.043529
0.11183
0.22554
0.30761
0.23802
0.20139
0.20438
0.24441
0.14761
0.31913
0.028993
0.068492
0.10857
0.086019
0.059255
0.10658
0.1637
0.23854
0.28683
0.23294
0.20284
0.21854
0.1813
0.24376
0.35825
0.20633
0.19193
0.070651
0.057459
0.017096
0.21537
0.16502
0.17567
0.22185
0.176
0.094515
0.083418
0.045312
0.054062
0.16989
0.077361
0.068479
0.073741
0.051644
0.069545
0.1384
0.24425
0.21924
0.20621
0.11609
0.033626
0.1078
0.073744
0.18592
0.20629
0.098079
0.060728
0.083312
0.14898
0.062103
0.14347
0.2475
0.22418
0.14186
0.078142
0.074289
0.11262
0.15882
0.23444
0.054598
0.11874
0.075759
0.083283
0.10942
0.11933
0.20936
0.23553
0.16693
0.15091
0.051685
0.13299
0.08768
0.07673
0.21408
0.14343
0.14631
0.093215
0.12762
0.035642
0.26611
0.23581
0.32206
0.19396
0.16356
0.15555
0.11976
0.053507
0.036953
0.058761
0.24791
0.080257
0.13222
0.088112
0.041395
0.20477
0.25981
0.23152
0.18361
0.14203
0.26505
0.14656
0.050226
0.070936
0.072048
0.20748
0.11713
0.20018
0.20033
0.10593
0.19739
0.23658
0.19059
0.17354
0.20138
0.15645
0.10665
0.1082
0.11154
0.077822
0.20549
0.29477
0.13402
0.09517
0.091405
0.16378
0.22672
0.17324
0.21173
0.13181
0.015727
0.075761
0.11209
0.059542
0.054129
0.16572
0.18049
0.048522
0.05945
0.11932
0.17882
0.20255
0.12606
0.2177
0.20651
0.1068
0.072357
0.096542
0.095204
0.089994
0.049323
0.038027
0.017472
0.049875
0.081765
0.18704
0.11605
0.11423
0.1447
0.18625
0.12338
0.033305
0.062699
0.10724
0.092593
0.072133
0.061623
0.074416
0.020313
0.037602
0.086772
0.19762
0.14575
0.20946
0.26167
0.17641
0.054832
0.060292
0.064311
0.23871
0.14388
0.14253
0.083749
0.029318
0.034724
0.10034
0.23104
0.23717
0.32291
0.16871
0.18393
0.072385
0.04961
0.068392
0.17696
0.18635
0.143
0.082461
0.014192
0.053324
0.21684
0.22902
0.28517
0.26232
0.12744
0.21731
0.06638
0.10345
0.055844
0.096637
0.17534
0.095361
0.094987
0.063164
0.0785
0.20796
0.27278
0.24911
0.24053
0.20949
0.11518
0.12855
0.073585
0.059111
0.046313
0.10768
0.13603
0.14482
0.11353
0.15414
0.23729
0.19245
0.18532
0.22594
0.21211
0.090397
0.062705
0.083941
0.063733
0.066796
0.12367
0.26504
0.085998
0.090196
0.090077
0.052648
0.19079
0.17051
0.060095
0.16926
0.17972
0.15429
0.11805
0.086165
0.069003
0.1147
0.25124
0.070027
0.071135
0.04515
0.051351
0.19646
0.10289
0.14797
0.096329
0.21697
0.24377
0.10715
0.077655
0.062315
0.038373
0.26442
0.2025
0.067524
0.048235
0.022869
0.089761
0.1747
0.14627
0.10366
0.27966
0.21793
0.11007
0.12106
0.078188
0.05893
0.20294
0.18854
0.070239
0.078745
0.047903
0.035821
0.040596
0.28067
0.25815
0.24337
0.065594
0.07357
0.1157
0.14669
0.15391
0.23521
0.15124
0.12481
0.13557
0.10418
0.069344
0.12275
0.27934
0.30379
0.19149
0.095742
0.083466
0.10855
0.17354
0.16937
0.17862
0.23568
0.24175
0.11453
0.13798
0.22634
0.30154
0.33414
0.30107
0.13576
0.13233
0.09045
0.060521
0.10679
0.15833
0.19715
0.24521
0.16768
0.080802
0.16194
0.23109
0.32257
0.2729
0.07518
0.10988
0.11132
0.10272
0.07195
0.11639
0.14039
0.14853
0.22254
0.17317
0.20882
0.14662
0.24046
0.25925
0.25415
0.049783
0.10615
0.083414
0.045473
0.038193
0.033515
0.20816
0.1621
0.2694
0.15226
0.17006
0.24438
0.24111
0.22635
0.26269
0.29664
0.21727
0.098383
0.036551
0.018351
0.034948
0.18562
0.18064
0.27371
0.26021
0.10422
0.30626
0.19366
0.10428
0.21528
0.14978
0.22024
0.13273
0.055919
0.040014
0.035843
0.14543
0.14316
0.24593
0.28847
0.32077
0.15376
0.064944
0.13106
0.25991
0.11987
0.15613
0.22249
0.12406
0.081077
0.13108
0.20621
0.12323
0.24767
0.24654
0.11868
0.090354
0.057811
0.064183
0.1994
0.12992
0.11815
0.26887
0.11405
0.087749
0.11467
0.20352
0.067205
0.24784
0.23472
0.089879
0.064063
0.04846
0.11704
0.18242
0.14038
0.17515
0.16167
0.031083
0.058822
0.0554
0.18931
0.11123
0.21565
0.24763
0.17298
0.11832
0.1314
0.24309
0.1561
0.15309
0.12114
0.084888
0.050622
0.070147
0.092691
0.091601
0.12117
0.079625
0.19554
0.21668
0.21808
0.15196
0.18323
0.11277
0.13908
0.138
0.13005
0.062478
0.05867
0.065642
0.082856
0.082972
0.12621
0.11807
0.1955
0.17186
0.17105
0.22201
0.1517
0.14035
0.063089
0.054968
0.048735
0.043613
0.10084
0.088729
0.073044
0.1048
0.20606
0.19377
0.16234
0.078125
0.078494
0.1597
0.21334
0.18064
0.11141
0.1004
0.18628
0.085051
0.048443
0.10471
0.094859
0.25919
0.20684
0.19311
0.15117
0.097974
0.16444
0.21358
0.20816
0.072406
0.10483
0.097448
0.12788
0.1314
0.065488
0.06177
0.1051
0.22511
0.2532
0.19399
0.14967
0.23462
0.18699
0.20766
0.13112
0.056018
0.11426
0.1674
0.23031
0.082951
0.076376
0.071646
0.14181
0.23778
0.19257
0.16
0.33674
0.22353
0.067828
0.19125
0.21198
0.12358
0.16873
0.1653
0.071246
0.11533
0.078127
0.16672
0.22169
0.16445
0.22873
0.3001
0.25995
0.13622
0.16919
0.21733
0.041593
0.097995
0.16176
0.038014
0.073326
0.11275
0.27535
0.22417
0.17623
0.16868
0.12511
0.18929
0.2028
0.23409
0.12036
0.088982
0.11663
0.1868
0.066024
0.068098
0.18336
0.2635
0.18518
0.14832
0.19859
0.23752
0.15926
0.24331
0.25715
0.10206
0.051747
0.18627
0.19504
0.075883
0.051265
0.17407
0.25548
0.20469
0.16896
0.21812
0.26841
0.22244
0.16984
0.19836
0.09627
0.096265
0.13503
0.20262
0.049326
0.031968
0.034635
0.14575
0.26364
0.28706
0.36061
0.28419
0.21679
0.20209
0.086113
0.056786
0.093856
0.082955
0.17294
0.077246
0.049897
0.072475
0.083088
0.26343
0.21858
0.24226
0.33249
0.23203
0.22337
0.06622
0.01406
0.032941
0.053139
0.02864
0.088
0.090646
0.063928
0.061237
0.22402
0.21322
0.19078
0.13897
0.184
0.23935
0.15244
0.092803
0.026079
0.012291
0.16749
0.025792
0.065772
0.083975
0.061996
0.10141
0.20868
0.20613
0.22909
0.16519
0.15481
0.093316
0.0169
0.064696
0.22988
0.22914
0.083683
0.063876
0.10282
0.039918
0.073295
0.19143
0.23375
0.22603
0.18128
0.24535
0.087685
0.11496
0.22112
0.090452
0.17526
0.096187
0.12168
0.099828
0.038321
0.035452
0.13639
0.21938
0.23742
0.16336
0.20885
0.22398
0.12131
0.20103
0.085935
0.1712
0.012915
0.08428
0.072109
0.012871
0.04897
0.10758
0.11352
0.16563
0.17705
0.1996
0.20642
0.22823
0.225
0.18446
0.18248
0.060503
0.084321
0.056404
0.0056356
0.067213
0.10678
0.11198
0.12441
0.20532
0.17248
0.27895
0.2463
0.19637
0.18105
0.20035
0.070449
0.08565
0.097147
0.067615
0.072854
0.12888
0.15263
0.24724
0.23091
0.13752
0.19042
0.24539
0.13557
0.14649
0.1672
0.083682
0.093599
0.072636
0.07744
0.079522
0.07859
0.2466
0.22716
0.20999
0.097266
0.13624
0.20453
0.098554
0.095778
0.17966
0.078529
0.063153
0.034949
0.052622
0.037318
0.015226
0.23024
0.19952
0.16005
0.20055
0.11623
0.19661
0.17607
0.14617
0.11802
0.038456
0.054223
0.08103
0.077851
0.039678
0.14709
0.30788
0.22379
0.1879
0.24621
0.19066
0.21792
0.20235
0.15811
0.11398
0.015266
0.039304
0.028274
0.039487
0.06794
0.20821
0.34281
0.19868
0.19116
0.24502
0.25053
0.22833
0.22259
0.22545
0.21202
0.031553
0.081809
0.051402
0.040708
0.058946
0.039183
0.13058
0.2274
0.20813
0.2507
0.18022
0.24982
0.22645
0.18442
0.24655
0.026531
0.074944
0.078388
0.017471
0.019665
0.029244
0.14085
0.19353
0.20849
0.2503
0.21887
0.21928
0.22331
0.15509
0.26498
0.020311
0.047584
0.095184
0.097007
0.063642
0.05734
0.13738
0.16035
0.21117
0.21287
0.25889
0.22606
0.19816
0.17029
0.24639
/
